,0,1,2,3
0,-1.0,11.700998621524969,30.200000000000003,10.355812713607747
1,-0.6,2.8255664753599774,21.8,9.45992761547561
2,15.543818836427546,-0.7782985703960591,30.34381883642756,8.594028654129918
3,15.819376781538294,20.689435994025157,26.2193767815383,10.952021782860491
4,9.601495883134733,20.669881957409192,24.80149588313475,11.054552758545881
5,2.4478361987291866,20.637585972582038,19.64783619872918,11.732068306146859
6,21.21953613039321,20.80146481575865,30.019536130393178,15.055266366534097
7,10.312761361282757,-0.6950242092439383,20.712761361282766,8.70897784615986
8,-0.6,16.63470143237977,11.0,13.961562636678554
9,6.168316397204725,-0.6717011750596859,13.768316397204732,7.136961838442746
10,17.02679176795158,-0.8078211376715555,30.62679176795153,2.605563043011279
11,-0.6,7.701524100540257,12.600000000000001,7.758074633374131
12,13.096275809501938,-0.7427571511812707,25.096275809501947,9.978506519139325
13,2.4019809253079405,-0.6102342871509486,9.20198092530794,5.566763274090151
14,24.02333895808311,20.79730596252259,30.023338958083087,18.0499458584093
15,12.834107275432576,20.682694593486577,22.834107275432586,12.30959103872052
16,6.510458503350584,20.652617083582978,12.51045850335059,14.479864581565199
17,18.170434662959487,20.753319560853587,28.97043466295945,10.830510944275002
18,-0.6,20.333666919649346,8.200000000000001,15.097145748655356
19,14.661824613657414,-0.7663302933807548,28.261824613657424,9.77887810683642
20,20.916370552243492,1.8378632859301822,30.51637055224346,5.2044823395645805
21,-0.6,-0.5995213654150285,7.4,5.1038583901314505
22,20.237034442437228,20.78154732695397,30.63703444243719,12.610502984491047
23,-0.6,13.964503867247348,15.8,11.701054003011528
24,-0.6,5.506639944216269,9.0,6.610082584296097
25,8.259599999582793,-0.7002334980393904,16.659599999582802,8.222316547201846
26,-0.6,9.738797728662346,15.400000000000002,8.852188699358862
27,18.98790165473333,-0.8601100976871513,30.18790165473329,0.7450200111849182
28,11.79266889343193,-0.7246726812649625,22.59266889343194,9.239420838574057
29,4.548402981134724,20.64433088138272,8.948402981134727,15.92478525871282
30,25.048936271987092,4.006137509512892,30.648936271987097,6.960171441643577
31,22.540538049017353,20.778255820859435,30.140538049017326,16.707342450558343
32,4.293555131659301,-0.6534427105430681,11.093555131659308,6.159472196446175
33,25.75536985211008,20.817497633349387,30.155369852110063,19.545845387959936
34,14.339569259740411,20.717104813210135,21.939569259740416,13.26469436417321
35,11.270519716460958,20.6663750265326,19.270519716460967,12.796977443515742
36,8.135852595561337,20.612202229583886,15.335852595561343,13.076067426395262
37,16.911057061544543,20.739554807686485,24.111057061544518,12.912631567515593
38,-0.6,18.3293859100372,5.800000000000001,15.231458761510693
39,22.371624447697293,3.727427984117407,30.7716244476973,9.398923096034984
40,16.024730127597238,0.7798306030767728,24.824730127597245,9.32946049763226
41,24.839046835575566,2.8873142669303076,30.439046835575546,3.8277550151677944
42,0.9168577475067855,20.61353325264138,5.716857747506785,16.287609197665056
43,-0.6,12.69971867523538,22.6,10.769837604590842
44,-0.6,1.2036777220131585,5.0,4.587463620401312
45,26.344625378979696,15.683437800663988,30.74462537897968,13.864902112994306
46,21.85303375475313,19.133239492372024,30.2530337547531,11.52880241510701
47,0.8987903661193754,-0.6313972599707188,4.898790366119376,3.392056901696341
48,-0.6,15.21088029617618,7.4,14.004138835145307
49,-0.6,4.2810208639764165,5.800000000000001,5.846645735736154
