,0,1,2,3,4,5,6,7,8,9,10,11,12,13,14,15,16,17,18,19,20,21,22,23,24,25,26,27,28,29,30,31,32,33,34,35,36,37,38,39,40,41,42,43,44,45,46,47,48,49,50,51,52,53,54,55,56,57,58,59,60,61,62,63,64,65,66,67,68,69,70,71,72,73,74,75,76,77,78,79,80,81,82,83,84,85,86,87,88,89,90,91,92,93,94,95,96,97,98,99,100,101,102,103,104,105,106,107,108,109,110,111,112,113,114,115,116,117,118,119,120,121,122,123,124,125,126,127,128,129,130,131,132,133,134,135,136,137,138,139,140,141,142,143,144,145,146,147,148,149,150,151,152,153,154,155,156,157
0,-1.0,11.700998621524969,-0.6,11.686915600984582,-0.19999999999999996,11.672153090186544,0.20000000000000018,11.657390579388506,0.6000000000000001,11.643279873554164,1.0,11.629481141539754,1.4000000000000004,11.61572118577007,1.8000000000000003,11.60462805225972,2.2,11.59353491874937,2.6,11.58225797071005,3.0,11.570640834027392,3.4000000000000004,11.559023697344735,3.8000000000000007,11.54207526892654,4.2,11.522698313053972,4.6000000000000005,11.502891497107985,5.0,11.468203393924144,5.4,11.433515290740303,5.800000000000001,11.392782066416636,6.2,11.34235019467373,6.6000000000000005,11.291918322930822,7.0,11.232415864694534,7.4,11.17008002513103,7.800000000000001,11.108275703890172,8.200000000000001,11.049220280190225,8.600000000000001,10.990164856490278,9.0,10.934166439452426,9.4,10.880600261705611,9.8,10.827034083958797,10.200000000000001,10.775636721743359,10.600000000000001,10.724373572249528,11.0,10.671210837917176,11.4,10.614083125553677,11.8,10.55695541319018,12.200000000000001,10.487933275401005,12.600000000000001,10.414282597971843,13.0,10.340475495293111,13.4,10.265760316903636,13.8,10.19104513851416,14.200000000000001,10.123761118925502,14.600000000000001,10.061880559462749,15.0,9.999999999999998,15.400000000000002,9.967984880801318,15.8,9.935969761602639,16.2,9.91809247605149,16.6,9.9213655962455,17.0,9.924638716439514,17.400000000000002,9.946129162350248,17.8,9.969018425369804,18.200000000000003,9.982415755098666,18.6,9.983691368455009,19.0,9.98496698181135,19.400000000000002,9.96431513525325,19.8,9.93811578854419,20.200000000000003,9.919341901074628,20.6,9.90704119276398,21.0,9.894740484453333,21.400000000000002,9.925566273952704,21.8,10.002055139504158,22.200000000000003,10.114057915919728,22.6,10.235977047102805,23.0,10.33558692723158,23.400000000000002,10.426332943765985,23.8,10.479196108018208,24.200000000000003,10.50802619966727,24.6,10.516467259414872,25.0,10.497346322173707,25.400000000000002,10.472683665910198,25.8,10.44313181368489,26.200000000000003,10.413417929280223,26.6,10.391709253864857,27.0,10.372993649421936,27.400000000000002,10.355660942996955,27.8,10.344642773929325,28.200000000000003,10.333624604861692,28.6,10.329016946965538,29.0,10.328596899610298,29.400000000000002,10.32817685225506,29.8,10.341820155979292,30.200000000000003,10.355812713607747
1,-0.6,2.8255664753599774,-0.19999999999999996,3.146476400190508,0.20000000000000018,3.471885280054263,0.6000000000000001,3.8012156960775205,1.0,4.094986265126058,1.4000000000000004,4.352904792548534,1.8000000000000003,4.567047756114673,2.2,4.721126259587874,2.6,4.8351104761153465,3.0,4.9301059486099525,3.4000000000000004,4.995701454388038,3.8000000000000007,5.0479106886318394,4.2,5.0991726938568265,4.6000000000000005,5.140829131161531,4.2,5.0991726938568265,4.6000000000000005,5.140829131161531,5.0,5.182485568466235,5.4,5.235418710585999,5.800000000000001,5.300075921275256,6.2,5.364733131964513,6.6000000000000005,5.448161474027067,7.0,5.532360708763628,7.4,5.625720891665634,7.800000000000001,5.728656578579842,8.200000000000001,5.8327279465161554,8.600000000000001,5.9559320436595735,9.0,6.079136140802991,9.4,6.202439591390402,9.8,6.325793561490599,10.200000000000001,6.449113265905935,10.600000000000001,6.572352167914306,11.0,6.695591069922676,11.4,6.8186984325340605,11.8,6.941798947021853,12.200000000000001,7.0717175440624285,12.600000000000001,7.206731851568919,13.0,7.346113590822927,13.4,7.500703676001918,13.8,7.655293761180909,14.200000000000001,7.818922187447767,14.600000000000001,7.982944298480981,15.0,8.14696805089433,15.400000000000002,8.310992456327183,15.8,8.47069925171599,16.2,8.625330618812399,16.6,8.773035819829438,17.0,8.892181645143957,17.400000000000002,9.011327470458475,17.8,9.090149255911708,18.200000000000003,9.147626521403591,18.6,9.159149791762742,19.0,9.159669033127344,19.400000000000002,9.147894293445512,19.8,9.159513820620859,20.200000000000003,9.172753489426354,20.6,9.197514954037164,21.0,9.242188471556267,21.400000000000002,9.325163421579177,21.8,9.45992761547561,0.0,0.0,0.0,0.0,0.0,0.0,0.0,0.0,0.0,0.0,0.0,0.0,0.0,0.0,0.0,0.0,0.0,0.0,0.0,0.0,0.0,0.0,0.0,0.0,0.0,0.0,0.0,0.0,0.0,0.0,0.0,0.0,0.0,0.0,0.0,0.0,0.0,0.0,0.0,0.0
2,15.543818836427546,-0.7782985703960591,15.943818836427546,-0.5501926509431865,16.343818836427545,-0.3062854213922395,16.743818836427547,-0.047418930000921566,17.14381883642755,0.21707697339286494,17.543818836427548,0.48561095341963345,17.943818836427546,0.7415779891565855,18.34381883642755,0.9915483677365959,18.74381883642755,1.2277123824879157,19.14381883642755,1.4581100348584206,19.543818836427548,1.6800180298800123,19.94381883642755,1.8976356380004578,20.343818836427552,2.1094871655626575,20.74381883642755,2.3171162594598154,21.14381883642755,2.522692228310435,21.54381883642755,2.7257790296483546,21.943818836427553,2.9302926394202693,22.343818836427552,3.1379355316299837,22.74381883642755,3.347560130544685,23.143818836427553,3.5652899017873168,23.543818836427555,3.7850471782718333,23.943818836427553,4.020358712838121,24.343818836427552,4.258293061787051,24.743818836427554,4.5194109067879555,24.343818836427552,4.258293061787051,24.743818836427554,4.5194109067879555,25.143818836427556,4.78631973018738,25.543818836427555,5.0797127590375455,25.943818836427553,5.389381190355622,26.343818836427555,5.727306054645474,26.743818836427558,6.102374548738694,27.143818836427556,6.503301980515945,27.543818836427555,6.951648395551314,27.943818836427557,7.386422791915589,28.34381883642756,7.776378511241425,28.743818836427558,8.080075300801548,29.143818836427556,8.288541588812903,29.54381883642756,8.43187845804643,29.94381883642756,8.538559558659559,30.34381883642756,8.594028654129918,0.0,0.0,0.0,0.0,0.0,0.0,0.0,0.0,0.0,0.0,0.0,0.0,0.0,0.0,0.0,0.0,0.0,0.0,0.0,0.0,0.0,0.0,0.0,0.0,0.0,0.0,0.0,0.0,0.0,0.0,0.0,0.0,0.0,0.0,0.0,0.0,0.0,0.0,0.0,0.0,0.0,0.0,0.0,0.0,0.0,0.0,0.0,0.0,0.0,0.0,0.0,0.0,0.0,0.0,0.0,0.0,0.0,0.0,0.0,0.0,0.0,0.0,0.0,0.0,0.0,0.0,0.0,0.0,0.0,0.0,0.0,0.0,0.0,0.0,0.0,0.0,0.0,0.0
3,15.819376781538294,20.689435994025157,16.219376781538294,20.368782489087128,16.619376781538293,20.021610848104856,17.019376781538295,19.639248991226804,17.419376781538297,19.23508416419399,17.819376781538296,18.82104750632998,18.219376781538294,18.394244443531502,18.619376781538296,17.95264406867558,19.0193767815383,17.483783508228935,19.419376781538297,16.979517925466794,19.819376781538296,16.448006305434998,19.419376781538297,16.979517925466794,19.819376781538296,16.448006305434998,20.219376781538298,15.89264877464433,20.6193767815383,15.342710016683412,21.0193767815383,14.848639537876956,21.419376781538297,14.464058676371035,21.8193767815383,14.101787392849422,22.2193767815383,13.764198997215797,22.6193767815383,13.429542613137434,23.0193767815383,13.096020908363062,23.4193767815383,12.765115628330966,23.819376781538303,12.437770168958311,24.2193767815383,12.115645322442637,24.6193767815383,11.820055147215138,25.019376781538302,11.53653178157672,25.419376781538304,11.304015187796749,25.819376781538303,11.108839598890018,26.2193767815383,10.952021782860491,0.0,0.0,0.0,0.0,0.0,0.0,0.0,0.0,0.0,0.0,0.0,0.0,0.0,0.0,0.0,0.0,0.0,0.0,0.0,0.0,0.0,0.0,0.0,0.0,0.0,0.0,0.0,0.0,0.0,0.0,0.0,0.0,0.0,0.0,0.0,0.0,0.0,0.0,0.0,0.0,0.0,0.0,0.0,0.0,0.0,0.0,0.0,0.0,0.0,0.0,0.0,0.0,0.0,0.0,0.0,0.0,0.0,0.0,0.0,0.0,0.0,0.0,0.0,0.0,0.0,0.0,0.0,0.0,0.0,0.0,0.0,0.0,0.0,0.0,0.0,0.0,0.0,0.0,0.0,0.0,0.0,0.0,0.0,0.0,0.0,0.0,0.0,0.0,0.0,0.0,0.0,0.0,0.0,0.0,0.0,0.0,0.0,0.0,0.0,0.0
4,9.601495883134733,20.669881957409192,10.001495883134734,20.312293215530513,10.401495883134734,19.864268049206906,10.801495883134734,19.358985778513166,11.201495883134735,18.807961241247547,11.601495883134735,18.240394648645253,12.001495883134735,17.661845292154666,12.401495883134736,17.08828559375451,12.801495883134736,16.531202169296392,12.401495883134736,17.08828559375451,12.801495883134736,16.531202169296392,13.201495883134736,16.001762541831397,13.601495883134737,15.505705949804018,14.001495883134737,15.042804896393429,14.401495883134737,14.633219137282552,14.801495883134738,14.248805327892,15.201495883134738,13.887428063072642,15.601495883134739,13.567687309522231,16.001495883134737,13.261496929251628,16.40149588313474,13.001355358772889,16.80149588313474,12.759554969198287,17.20149588313474,12.573476690473004,17.60149588313474,12.45507358132606,18.00149588313474,12.362748502924626,18.401495883134743,12.307511665962759,18.80149588313474,12.280786075431005,19.20149588313474,12.262709199309256,19.601495883134742,12.2609671854514,20.001495883134744,12.262179121364662,20.401495883134743,12.248219489669928,20.80149588313474,12.224914049522361,21.201495883134744,12.16553776520003,21.601495883134746,12.095000486088704,22.001495883134744,11.994688122221778,22.401495883134743,11.890986988479288,22.801495883134745,11.750712043448013,23.201495883134747,11.61043709841674,23.601495883134746,11.46499609603366,24.001495883134744,11.318541361128315,24.401495883134746,11.185340421606783,24.80149588313475,11.054552758545881,0.0,0.0,0.0,0.0,0.0,0.0,0.0,0.0,0.0,0.0,0.0,0.0,0.0,0.0,0.0,0.0,0.0,0.0,0.0,0.0,0.0,0.0,0.0,0.0,0.0,0.0,0.0,0.0,0.0,0.0,0.0,0.0,0.0,0.0,0.0,0.0,0.0,0.0,0.0,0.0,0.0,0.0,0.0,0.0,0.0,0.0,0.0,0.0,0.0,0.0,0.0,0.0,0.0,0.0,0.0,0.0,0.0,0.0,0.0,0.0,0.0,0.0,0.0,0.0,0.0,0.0,0.0,0.0,0.0,0.0,0.0,0.0,0.0,0.0,0.0,0.0
5,2.4478361987291866,20.637585972582038,2.8478361987291865,20.24363843479943,3.2478361987291864,19.751241799387945,3.6478361987291863,19.22961755345856,4.047836198729186,18.715030695255567,4.447836198729187,18.23153380222252,4.847836198729186,17.79301469283991,5.2478361987291855,17.3978146862163,5.647836198729186,17.042515588060674,6.047836198729186,16.758521266362916,6.447836198729185,16.501436647025677,6.047836198729186,16.758521266362916,6.447836198729185,16.501436647025677,6.847836198729185,16.286436634588064,7.2478361987291855,16.081036813439173,7.647836198729186,15.896096013566067,8.047836198729184,15.713362648165118,8.447836198729185,15.54353418177162,8.847836198729185,15.37370571537812,9.247836198729185,15.214073370205664,9.647836198729184,15.055418450997493,10.047836198729184,14.900739195430736,10.447836198729185,14.748413035520306,10.847836198729183,14.596365159219593,11.247836198729184,14.444869628238102,11.647836198729184,14.292804285973844,12.047836198729184,14.129118905205026,12.447836198729185,13.965433524436207,12.847836198729183,13.782920477368107,13.247836198729184,13.595353944425131,13.647836198729184,13.395013672494992,14.047836198729183,13.186590797784703,14.447836198729183,12.974400834721203,14.847836198729183,12.758571598204812,15.247836198729184,12.54725316746937,15.647836198729184,12.34212250828594,16.047836198729183,12.14857046155705,16.447836198729185,11.982970162718544,16.847836198729183,11.819474544164194,17.247836198729182,11.720839030061308,17.647836198729184,11.664505474343478,18.047836198729183,11.637788892528036,18.44783619872918,11.641729201660661,18.847836198729183,11.663801991966379,19.247836198729182,11.697896250888919,19.64783619872918,11.732068306146859,0.0,0.0,0.0,0.0,0.0,0.0,0.0,0.0,0.0,0.0,0.0,0.0,0.0,0.0,0.0,0.0,0.0,0.0,0.0,0.0,0.0,0.0,0.0,0.0,0.0,0.0,0.0,0.0,0.0,0.0,0.0,0.0,0.0,0.0,0.0,0.0,0.0,0.0,0.0,0.0,0.0,0.0,0.0,0.0,0.0,0.0,0.0,0.0,0.0,0.0,0.0,0.0,0.0,0.0,0.0,0.0,0.0,0.0,0.0,0.0,0.0,0.0,0.0,0.0,0.0,0.0
6,21.21953613039321,20.80146481575865,21.619536130393207,20.59034960581532,22.019536130393206,20.362604137106498,22.419536130393205,20.09686291906917,22.819536130393203,19.81032903569211,23.2195361303932,19.492767535228346,23.6195361303932,19.155092149345837,24.0195361303932,18.806832694861498,24.419536130393197,18.43186403756839,24.819536130393196,18.043104900310134,25.219536130393195,17.636176957998487,25.619536130393193,17.20147595632392,26.019536130393192,16.75147111809617,25.619536130393193,17.20147595632392,26.019536130393192,16.75147111809617,26.41953613039319,16.29414588434786,26.81953613039319,15.86443404057276,27.219536130393188,15.52392383821676,27.619536130393186,15.289346213290838,28.019536130393185,15.116242072538768,28.419536130393183,15.016340801790125,28.819536130393182,14.96524866835504,29.21953613039318,14.939818478010313,29.61953613039318,14.987685598677496,30.019536130393178,15.055266366534097,0.0,0.0,0.0,0.0,0.0,0.0,0.0,0.0,0.0,0.0,0.0,0.0,0.0,0.0,0.0,0.0,0.0,0.0,0.0,0.0,0.0,0.0,0.0,0.0,0.0,0.0,0.0,0.0,0.0,0.0,0.0,0.0,0.0,0.0,0.0,0.0,0.0,0.0,0.0,0.0,0.0,0.0,0.0,0.0,0.0,0.0,0.0,0.0,0.0,0.0,0.0,0.0,0.0,0.0,0.0,0.0,0.0,0.0,0.0,0.0,0.0,0.0,0.0,0.0,0.0,0.0,0.0,0.0,0.0,0.0,0.0,0.0,0.0,0.0,0.0,0.0,0.0,0.0,0.0,0.0,0.0,0.0,0.0,0.0,0.0,0.0,0.0,0.0,0.0,0.0,0.0,0.0,0.0,0.0,0.0,0.0,0.0,0.0,0.0,0.0,0.0,0.0,0.0,0.0,0.0,0.0,0.0,0.0
7,10.312761361282757,-0.6950242092439383,10.712761361282757,-0.3758642174546062,11.112761361282757,-0.03046050540605172,11.512761361282758,0.3637352697822419,11.912761361282758,0.7837700075149823,12.312761361282758,1.2218149533002234,12.712761361282759,1.6741896175168223,13.11276136128276,2.139290070694152,13.51276136128276,2.618957546088122,13.11276136128276,2.139290070694152,13.51276136128276,2.618957546088122,13.91276136128276,3.1185534081058797,14.31276136128276,3.6371173543353317,14.71276136128276,4.170517819999281,15.112761361282761,4.7139600608918055,15.512761361282761,5.260521112529373,15.912761361282762,5.803610649024556,16.31276136128276,6.317313680948634,16.712761361282762,6.784115432114359,17.112761361282764,7.199469494507985,17.512761361282763,7.545569044936913,17.91276136128276,7.788961797689182,18.312761361282764,7.99793621399912,18.712761361282766,8.153078389582028,19.112761361282764,8.26304037704675,19.512761361282763,8.369659384951028,19.912761361282765,8.473739004230769,20.312761361282767,8.578038265656842,20.712761361282766,8.70897784615986,0.0,0.0,0.0,0.0,0.0,0.0,0.0,0.0,0.0,0.0,0.0,0.0,0.0,0.0,0.0,0.0,0.0,0.0,0.0,0.0,0.0,0.0,0.0,0.0,0.0,0.0,0.0,0.0,0.0,0.0,0.0,0.0,0.0,0.0,0.0,0.0,0.0,0.0,0.0,0.0,0.0,0.0,0.0,0.0,0.0,0.0,0.0,0.0,0.0,0.0,0.0,0.0,0.0,0.0,0.0,0.0,0.0,0.0,0.0,0.0,0.0,0.0,0.0,0.0,0.0,0.0,0.0,0.0,0.0,0.0,0.0,0.0,0.0,0.0,0.0,0.0,0.0,0.0,0.0,0.0,0.0,0.0,0.0,0.0,0.0,0.0,0.0,0.0,0.0,0.0,0.0,0.0,0.0,0.0,0.0,0.0,0.0,0.0,0.0,0.0
8,-0.6,16.63470143237977,-0.19999999999999996,16.37961745178041,0.20000000000000018,16.12997449183976,0.6000000000000001,15.889024295811268,1.0,15.682629221927158,1.4000000000000004,15.500070240491993,1.8000000000000003,15.349782873621834,2.2,15.223607112741846,1.8000000000000003,15.349782873621834,2.2,15.223607112741846,2.6,15.103967883810526,3.0,15.018045538026405,3.4000000000000004,14.932123192242283,3.8000000000000007,14.863143676179089,4.2,14.804308067081958,4.6000000000000005,14.74603719848068,5.0,14.705320415927492,5.4,14.664603633374302,5.800000000000001,14.630326167524325,6.2,14.605217299160312,6.6000000000000005,14.5801084307963,7.0,14.55055243753487,7.4,14.519782881760221,7.800000000000001,14.485424350398715,8.200000000000001,14.433840428258652,8.600000000000001,14.382256506118589,9.0,14.322846601035621,9.4,14.257967851219284,9.8,14.192877481239988,10.200000000000001,14.118817983766071,10.600000000000001,14.044758486292155,11.0,13.961562636678554,0.0,0.0,0.0,0.0,0.0,0.0,0.0,0.0,0.0,0.0,0.0,0.0,0.0,0.0,0.0,0.0,0.0,0.0,0.0,0.0,0.0,0.0,0.0,0.0,0.0,0.0,0.0,0.0,0.0,0.0,0.0,0.0,0.0,0.0,0.0,0.0,0.0,0.0,0.0,0.0,0.0,0.0,0.0,0.0,0.0,0.0,0.0,0.0,0.0,0.0,0.0,0.0,0.0,0.0,0.0,0.0,0.0,0.0,0.0,0.0,0.0,0.0,0.0,0.0,0.0,0.0,0.0,0.0,0.0,0.0,0.0,0.0,0.0,0.0,0.0,0.0,0.0,0.0,0.0,0.0,0.0,0.0,0.0,0.0,0.0,0.0,0.0,0.0,0.0,0.0,0.0,0.0,0.0,0.0
9,6.168316397204725,-0.6717011750596859,6.568316397204725,-0.30631996345962953,6.968316397204726,0.1213074599349368,7.368316397204726,0.60406805999275,7.768316397204726,1.1302673456600132,8.168316397204727,1.6714530649659325,7.768316397204726,1.1302673456600132,8.168316397204727,1.6714530649659325,8.568316397204727,2.2200358826799342,8.968316397204728,2.7656977634943454,9.368316397204728,3.299311400746051,9.768316397204728,3.8133635858876787,10.168316397204729,4.296410520732421,10.568316397204729,4.734034807414195,10.96831639720473,5.13751353342838,11.36831639720473,5.505977699522235,11.76831639720473,5.823212202497057,12.16831639720473,6.127373752240117,12.56831639720473,6.393147701404103,12.968316397204731,6.653997583008786,13.368316397204731,6.897503989078073,13.768316397204732,7.136961838442746,0.0,0.0,0.0,0.0,0.0,0.0,0.0,0.0,0.0,0.0,0.0,0.0,0.0,0.0,0.0,0.0,0.0,0.0,0.0,0.0,0.0,0.0,0.0,0.0,0.0,0.0,0.0,0.0,0.0,0.0,0.0,0.0,0.0,0.0,0.0,0.0,0.0,0.0,0.0,0.0,0.0,0.0,0.0,0.0,0.0,0.0,0.0,0.0,0.0,0.0,0.0,0.0,0.0,0.0,0.0,0.0,0.0,0.0,0.0,0.0,0.0,0.0,0.0,0.0,0.0,0.0,0.0,0.0,0.0,0.0,0.0,0.0,0.0,0.0,0.0,0.0,0.0,0.0,0.0,0.0,0.0,0.0,0.0,0.0,0.0,0.0,0.0,0.0,0.0,0.0,0.0,0.0,0.0,0.0,0.0,0.0,0.0,0.0,0.0,0.0,0.0,0.0,0.0,0.0,0.0,0.0,0.0,0.0,0.0,0.0,0.0,0.0,0.0,0.0
10,17.02679176795158,-0.8078211376715555,17.426791767951578,-0.6111762305402884,17.826791767951576,-0.4136956326853416,18.226791767951575,-0.21001762983151864,18.626791767951573,-0.003532140919308313,19.026791767951572,0.19907938279446036,19.42679176795157,0.39869463444397524,19.82679176795157,0.5885872623127529,20.226791767951568,0.764432118225458,20.626791767951566,0.9360637383920898,21.026791767951565,1.0866279806409407,21.426791767951563,1.2371922228897918,21.826791767951562,1.3692147962831402,22.22679176795156,1.4975086970632607,22.62679176795156,1.6179353733155573,23.026791767951558,1.7275825279584063,23.426791767951556,1.8372296826012555,23.826791767951555,1.9282847968625452,24.226791767951553,2.018435328327098,24.626791767951552,2.0967409523911815,25.02679176795155,2.1592864629738786,25.42679176795155,2.2218319735565757,25.826791767951548,2.262239596223636,26.226791767951546,2.2984032508336076,26.626791767951545,2.3320946153382693,27.026791767951543,2.355796239531565,26.626791767951545,2.3320946153382693,27.026791767951543,2.355796239531565,27.426791767951542,2.3794978637248603,27.82679176795154,2.4027400415743956,28.22679176795154,2.4255949458254347,28.626791767951538,2.448449850076474,29.026791767951536,2.478998792291561,29.426791767951535,2.510541960285815,29.826791767951534,2.5421266098276476,30.226791767951532,2.5738448264194633,30.62679176795153,2.605563043011279,0.0,0.0,0.0,0.0,0.0,0.0,0.0,0.0,0.0,0.0,0.0,0.0,0.0,0.0,0.0,0.0,0.0,0.0,0.0,0.0,0.0,0.0,0.0,0.0,0.0,0.0,0.0,0.0,0.0,0.0,0.0,0.0,0.0,0.0,0.0,0.0,0.0,0.0,0.0,0.0,0.0,0.0,0.0,0.0,0.0,0.0,0.0,0.0,0.0,0.0,0.0,0.0,0.0,0.0,0.0,0.0,0.0,0.0,0.0,0.0,0.0,0.0,0.0,0.0,0.0,0.0,0.0,0.0,0.0,0.0,0.0,0.0,0.0,0.0,0.0,0.0,0.0,0.0,0.0,0.0,0.0,0.0,0.0,0.0
11,-0.6,7.701524100540257,-0.19999999999999996,7.781276907567371,0.20000000000000018,7.861029714594484,0.6000000000000001,7.939105244473218,1.0,8.016661009573044,1.4000000000000004,8.090261029934178,1.8000000000000003,8.14834106579595,1.4000000000000004,8.090261029934178,1.8000000000000003,8.14834106579595,2.2,8.206421101657725,2.6,8.249306988796377,3.0,8.281974771727503,3.4000000000000004,8.31464255465863,3.8000000000000007,8.325767619708124,4.2,8.335870301708837,4.6000000000000005,8.33805793402005,5.0,8.321014936457273,5.4,8.303971938894495,5.800000000000001,8.26771710229645,6.2,8.2205395839818,6.6000000000000005,8.17089949889278,7.0,8.098944465456183,7.4,8.026989432019587,7.800000000000001,7.954835750928861,8.200000000000001,7.8825026887048875,8.600000000000001,7.810169626480913,9.0,7.758030798432095,9.4,7.706675103190037,9.8,7.666371563964567,10.200000000000001,7.6444132424178,10.600000000000001,7.622454920871031,11.0,7.62762736062639,11.4,7.6402727482506405,11.8,7.665746773994775,12.200000000000001,7.711910703684453,12.600000000000001,7.758074633374131,0.0,0.0,0.0,0.0,0.0,0.0,0.0,0.0,0.0,0.0,0.0,0.0,0.0,0.0,0.0,0.0,0.0,0.0,0.0,0.0,0.0,0.0,0.0,0.0,0.0,0.0,0.0,0.0,0.0,0.0,0.0,0.0,0.0,0.0,0.0,0.0,0.0,0.0,0.0,0.0,0.0,0.0,0.0,0.0,0.0,0.0,0.0,0.0,0.0,0.0,0.0,0.0,0.0,0.0,0.0,0.0,0.0,0.0,0.0,0.0,0.0,0.0,0.0,0.0,0.0,0.0,0.0,0.0,0.0,0.0,0.0,0.0,0.0,0.0,0.0,0.0,0.0,0.0,0.0,0.0,0.0,0.0,0.0,0.0,0.0,0.0
12,13.096275809501938,-0.7427571511812707,13.496275809501938,-0.46359027158019567,13.896275809501939,-0.17848064109589246,14.296275809501939,0.15864455769699876,14.69627580950194,0.5037870541910588,15.09627580950194,0.8627171756608285,15.49627580950194,1.217463859844571,15.89627580950194,1.570028059848088,16.296275809501942,1.921352004867295,16.69627580950194,2.2750576476768725,17.09627580950194,2.6326718181920126,17.49627580950194,3.002346464435833,17.896275809501944,3.380478591028741,18.296275809501942,3.77975646294482,18.69627580950194,4.201209454652269,19.096275809501943,4.642546573056891,18.69627580950194,4.201209454652269,19.096275809501943,4.642546573056891,19.496275809501945,5.112015810219837,19.896275809501944,5.613980321478735,20.296275809501942,6.095117578435345,20.696275809501945,6.544314737108607,21.096275809501947,6.948943587803123,21.496275809501945,7.36308056899805,21.896275809501944,7.800544156360337,22.296275809501946,8.280924966739143,22.696275809501948,8.72181519285692,23.096275809501947,9.063490815686539,23.496275809501945,9.350889285077029,23.896275809501947,9.579635385583419,24.29627580950195,9.750481445859084,24.696275809501948,9.894573930368406,25.096275809501947,9.978506519139325,0.0,0.0,0.0,0.0,0.0,0.0,0.0,0.0,0.0,0.0,0.0,0.0,0.0,0.0,0.0,0.0,0.0,0.0,0.0,0.0,0.0,0.0,0.0,0.0,0.0,0.0,0.0,0.0,0.0,0.0,0.0,0.0,0.0,0.0,0.0,0.0,0.0,0.0,0.0,0.0,0.0,0.0,0.0,0.0,0.0,0.0,0.0,0.0,0.0,0.0,0.0,0.0,0.0,0.0,0.0,0.0,0.0,0.0,0.0,0.0,0.0,0.0,0.0,0.0,0.0,0.0,0.0,0.0,0.0,0.0,0.0,0.0,0.0,0.0,0.0,0.0,0.0,0.0,0.0,0.0,0.0,0.0,0.0,0.0,0.0,0.0,0.0,0.0,0.0,0.0,0.0,0.0
13,2.4019809253079405,-0.6102342871509486,2.8019809253079404,-0.175946241390743,3.2019809253079403,0.30354418253335647,3.6019809253079402,0.8343396405394212,4.00198092530794,1.3454610446206101,3.6019809253079402,0.8343396405394212,4.00198092530794,1.3454610446206101,4.4019809253079405,1.827840068284167,4.80198092530794,2.281835563480491,5.201980925307939,2.7101433635575827,5.60198092530794,3.0980588509899167,6.00198092530794,3.4596720821142193,6.401980925307939,3.7995522099434114,6.801980925307939,4.094526600167341,7.201980925307939,4.381157064160058,7.60198092530794,4.636755351323437,8.001980925307938,4.889333631351955,8.401980925307939,5.12422102049126,8.801980925307939,5.355577257219026,9.20198092530794,5.566763274090151,0.0,0.0,0.0,0.0,0.0,0.0,0.0,0.0,0.0,0.0,0.0,0.0,0.0,0.0,0.0,0.0,0.0,0.0,0.0,0.0,0.0,0.0,0.0,0.0,0.0,0.0,0.0,0.0,0.0,0.0,0.0,0.0,0.0,0.0,0.0,0.0,0.0,0.0,0.0,0.0,0.0,0.0,0.0,0.0,0.0,0.0,0.0,0.0,0.0,0.0,0.0,0.0,0.0,0.0,0.0,0.0,0.0,0.0,0.0,0.0,0.0,0.0,0.0,0.0,0.0,0.0,0.0,0.0,0.0,0.0,0.0,0.0,0.0,0.0,0.0,0.0,0.0,0.0,0.0,0.0,0.0,0.0,0.0,0.0,0.0,0.0,0.0,0.0,0.0,0.0,0.0,0.0,0.0,0.0,0.0,0.0,0.0,0.0,0.0,0.0,0.0,0.0,0.0,0.0,0.0,0.0,0.0,0.0,0.0,0.0,0.0,0.0,0.0,0.0,0.0,0.0,0.0,0.0
14,24.02333895808311,20.79730596252259,24.423338958083107,20.584493845288613,24.823338958083106,20.355412128603263,25.223338958083104,20.09920990353304,25.623338958083103,19.833649423065893,26.0233389580831,19.556058372782793,26.4233389580831,19.28943936644525,26.8233389580831,19.03125862246056,27.223338958083097,18.79735170117853,27.623338958083096,18.581486283424255,27.223338958083097,18.79735170117853,27.623338958083096,18.581486283424255,28.023338958083094,18.414248453163697,28.423338958083093,18.269366118211106,28.82333895808309,18.16626676288926,29.22333895808309,18.102763196249203,29.62333895808309,18.058905442172343,30.023338958083087,18.0499458584093,0.0,0.0,0.0,0.0,0.0,0.0,0.0,0.0,0.0,0.0,0.0,0.0,0.0,0.0,0.0,0.0,0.0,0.0,0.0,0.0,0.0,0.0,0.0,0.0,0.0,0.0,0.0,0.0,0.0,0.0,0.0,0.0,0.0,0.0,0.0,0.0,0.0,0.0,0.0,0.0,0.0,0.0,0.0,0.0,0.0,0.0,0.0,0.0,0.0,0.0,0.0,0.0,0.0,0.0,0.0,0.0,0.0,0.0,0.0,0.0,0.0,0.0,0.0,0.0,0.0,0.0,0.0,0.0,0.0,0.0,0.0,0.0,0.0,0.0,0.0,0.0,0.0,0.0,0.0,0.0,0.0,0.0,0.0,0.0,0.0,0.0,0.0,0.0,0.0,0.0,0.0,0.0,0.0,0.0,0.0,0.0,0.0,0.0,0.0,0.0,0.0,0.0,0.0,0.0,0.0,0.0,0.0,0.0,0.0,0.0,0.0,0.0,0.0,0.0,0.0,0.0,0.0,0.0,0.0,0.0,0.0,0.0
15,12.834107275432576,20.682694593486577,13.234107275432576,20.331122243606014,13.634107275432577,19.95361618422041,14.034107275432577,19.494345403847188,14.434107275432577,18.99899923343502,14.834107275432578,18.480715756461404,15.234107275432578,17.944013712117474,15.634107275432578,17.38925400772432,15.234107275432578,17.944013712117474,15.634107275432578,17.38925400772432,16.03410727543258,16.819674918775465,16.43410727543258,16.246450163718414,16.83410727543258,15.678821758659334,17.234107275432578,15.144357571515748,17.63410727543258,14.672872257106226,18.034107275432582,14.280040211213942,18.43410727543258,13.98881627253767,18.83410727543258,13.768232853792544,19.23410727543258,13.59131231070947,19.634107275432584,13.47400811699767,20.034107275432582,13.364990356453967,20.43410727543258,13.264376875577852,20.834107275432583,13.141578167967548,21.234107275432585,13.011590281130074,21.634107275432584,12.866079298657633,22.034107275432582,12.696462777274354,22.434107275432584,12.518259608808476,22.834107275432586,12.30959103872052,0.0,0.0,0.0,0.0,0.0,0.0,0.0,0.0,0.0,0.0,0.0,0.0,0.0,0.0,0.0,0.0,0.0,0.0,0.0,0.0,0.0,0.0,0.0,0.0,0.0,0.0,0.0,0.0,0.0,0.0,0.0,0.0,0.0,0.0,0.0,0.0,0.0,0.0,0.0,0.0,0.0,0.0,0.0,0.0,0.0,0.0,0.0,0.0,0.0,0.0,0.0,0.0,0.0,0.0,0.0,0.0,0.0,0.0,0.0,0.0,0.0,0.0,0.0,0.0,0.0,0.0,0.0,0.0,0.0,0.0,0.0,0.0,0.0,0.0,0.0,0.0,0.0,0.0,0.0,0.0,0.0,0.0,0.0,0.0,0.0,0.0,0.0,0.0,0.0,0.0,0.0,0.0,0.0,0.0,0.0,0.0,0.0,0.0,0.0,0.0,0.0,0.0
16,6.510458503350584,20.652617083582978,6.9104585033505845,20.25652600589635,7.310458503350585,19.772431362085847,7.710458503350585,19.194989915034704,7.310458503350585,19.772431362085847,7.710458503350585,19.194989915034704,8.110458503350586,18.61791076093214,8.510458503350586,18.050029797976467,8.910458503350586,17.513310095682094,9.310458503350587,17.01627136545148,9.710458503350587,16.559607304233186,10.110458503350587,16.170040687275808,10.510458503350588,15.816977928923336,10.910458503350588,15.510858410587723,11.310458503350588,15.233952755401116,11.710458503350589,14.972834920519759,12.11045850335059,14.724169952251472,12.51045850335059,14.479864581565199,0.0,0.0,0.0,0.0,0.0,0.0,0.0,0.0,0.0,0.0,0.0,0.0,0.0,0.0,0.0,0.0,0.0,0.0,0.0,0.0,0.0,0.0,0.0,0.0,0.0,0.0,0.0,0.0,0.0,0.0,0.0,0.0,0.0,0.0,0.0,0.0,0.0,0.0,0.0,0.0,0.0,0.0,0.0,0.0,0.0,0.0,0.0,0.0,0.0,0.0,0.0,0.0,0.0,0.0,0.0,0.0,0.0,0.0,0.0,0.0,0.0,0.0,0.0,0.0,0.0,0.0,0.0,0.0,0.0,0.0,0.0,0.0,0.0,0.0,0.0,0.0,0.0,0.0,0.0,0.0,0.0,0.0,0.0,0.0,0.0,0.0,0.0,0.0,0.0,0.0,0.0,0.0,0.0,0.0,0.0,0.0,0.0,0.0,0.0,0.0,0.0,0.0,0.0,0.0,0.0,0.0,0.0,0.0,0.0,0.0,0.0,0.0,0.0,0.0,0.0,0.0,0.0,0.0,0.0,0.0,0.0,0.0
17,18.170434662959487,20.753319560853587,18.570434662959485,20.50176156591643,18.970434662959484,20.23296751712093,19.370434662959482,19.950066259626162,19.77043466295948,19.638524663170344,20.17043466295948,19.31112752140038,20.570434662959478,18.971838387455637,20.970434662959477,18.607320779620412,21.370434662959475,18.227498964178817,21.770434662959474,17.818674991353863,22.170434662959472,17.369596668808356,22.57043466295947,16.888703787104053,22.170434662959472,17.369596668808356,22.57043466295947,16.888703787104053,22.97043466295947,16.372403857942935,23.370434662959468,15.823361617821963,23.770434662959467,15.252770351790005,24.170434662959465,14.679330233748637,24.570434662959464,14.119784928466931,24.970434662959462,13.589417152969263,25.37043466295946,13.094399454783238,25.77043466295946,12.64271720426041,26.170434662959458,12.228817156061993,26.570434662959457,11.846566751448366,26.970434662959455,11.519267025238433,27.370434662959454,11.275608543862248,27.770434662959453,11.10352765330186,28.17043466295945,10.973571759126319,28.57043466295945,10.877892120641537,28.97043466295945,10.830510944275002,0.0,0.0,0.0,0.0,0.0,0.0,0.0,0.0,0.0,0.0,0.0,0.0,0.0,0.0,0.0,0.0,0.0,0.0,0.0,0.0,0.0,0.0,0.0,0.0,0.0,0.0,0.0,0.0,0.0,0.0,0.0,0.0,0.0,0.0,0.0,0.0,0.0,0.0,0.0,0.0,0.0,0.0,0.0,0.0,0.0,0.0,0.0,0.0,0.0,0.0,0.0,0.0,0.0,0.0,0.0,0.0,0.0,0.0,0.0,0.0,0.0,0.0,0.0,0.0,0.0,0.0,0.0,0.0,0.0,0.0,0.0,0.0,0.0,0.0,0.0,0.0,0.0,0.0,0.0,0.0,0.0,0.0,0.0,0.0,0.0,0.0,0.0,0.0,0.0,0.0,0.0,0.0,0.0,0.0,0.0,0.0,0.0,0.0
18,-0.6,20.333666919649346,-0.19999999999999996,19.98277972166293,0.20000000000000018,19.537615095255102,0.6000000000000001,19.062970340776346,1.0,18.620414085815224,0.6000000000000001,19.062970340776346,1.0,18.620414085815224,1.4000000000000004,18.212670109134145,1.8000000000000003,17.86853070714253,2.2,17.5494057645423,2.6,17.26539737650342,3.0,17.00942059258997,3.4000000000000004,16.774453100495137,3.8000000000000007,16.56235477081652,4.2,16.368076600683803,4.6000000000000005,16.187559298341885,5.0,16.027427035070797,5.4,15.87175674968738,5.800000000000001,15.746484429637926,6.2,15.621212109588472,6.6000000000000005,15.512557177395257,7.0,15.40947468644712,7.4,15.306004012476038,7.800000000000001,15.201574880565696,8.200000000000001,15.097145748655356,0.0,0.0,0.0,0.0,0.0,0.0,0.0,0.0,0.0,0.0,0.0,0.0,0.0,0.0,0.0,0.0,0.0,0.0,0.0,0.0,0.0,0.0,0.0,0.0,0.0,0.0,0.0,0.0,0.0,0.0,0.0,0.0,0.0,0.0,0.0,0.0,0.0,0.0,0.0,0.0,0.0,0.0,0.0,0.0,0.0,0.0,0.0,0.0,0.0,0.0,0.0,0.0,0.0,0.0,0.0,0.0,0.0,0.0,0.0,0.0,0.0,0.0,0.0,0.0,0.0,0.0,0.0,0.0,0.0,0.0,0.0,0.0,0.0,0.0,0.0,0.0,0.0,0.0,0.0,0.0,0.0,0.0,0.0,0.0,0.0,0.0,0.0,0.0,0.0,0.0,0.0,0.0,0.0,0.0,0.0,0.0,0.0,0.0,0.0,0.0,0.0,0.0,0.0,0.0,0.0,0.0,0.0,0.0
19,14.661824613657414,-0.7663302933807548,15.061824613657414,-0.5289499938117459,15.461824613657415,-0.25652044519259504,15.861824613657415,0.024680683614783483,16.261824613657417,0.3273779944016739,16.661824613657416,0.629263110324198,17.061824613657414,0.9205820474292896,17.461824613657416,1.2065216412688242,17.86182461365742,1.4815848088341155,18.261824613657417,1.7531648633980885,18.661824613657416,2.020448635189134,19.061824613657418,2.2864488818320523,19.46182461365742,2.5513470720020055,19.86182461365742,2.8194740751358935,20.261824613657417,3.0895742128578165,20.66182461365742,3.3700673789626956,21.06182461365742,3.6545177910894124,21.46182461365742,3.959574450000268,21.86182461365742,4.271510939738728,22.26182461365742,4.617191163652239,22.661824613657423,4.984226669634984,23.06182461365742,5.377390783571325,23.46182461365742,5.820917098718875,23.861824613657422,6.296585565106442,24.261824613657424,6.806255809606567,23.861824613657422,6.296585565106442,24.261824613657424,6.806255809606567,24.661824613657423,7.344840941196982,25.06182461365742,7.903649902090738,25.461824613657424,8.38455229835627,25.861824613657426,8.780915247613454,26.261824613657424,9.070872430125696,26.661824613657423,9.298085714966001,27.061824613657425,9.464334763191319,27.461824613657427,9.59992720031081,27.861824613657426,9.7107202441727,28.261824613657424,9.77887810683642,0.0,0.0,0.0,0.0,0.0,0.0,0.0,0.0,0.0,0.0,0.0,0.0,0.0,0.0,0.0,0.0,0.0,0.0,0.0,0.0,0.0,0.0,0.0,0.0,0.0,0.0,0.0,0.0,0.0,0.0,0.0,0.0,0.0,0.0,0.0,0.0,0.0,0.0,0.0,0.0,0.0,0.0,0.0,0.0,0.0,0.0,0.0,0.0,0.0,0.0,0.0,0.0,0.0,0.0,0.0,0.0,0.0,0.0,0.0,0.0,0.0,0.0,0.0,0.0,0.0,0.0,0.0,0.0,0.0,0.0,0.0,0.0,0.0,0.0,0.0,0.0,0.0,0.0,0.0,0.0,0.0,0.0,0.0,0.0
20,20.916370552243492,1.8378632859301822,21.31637055224349,2.0163049246544165,21.71637055224349,2.1838442653270063,22.116370552243488,2.3513836059995965,22.516370552243487,2.510268002179682,22.916370552243485,2.6682545276984313,23.316370552243484,2.824024656533585,23.716370552243482,2.978322263782763,24.11637055224348,3.130927655884692,24.51637055224348,3.2794116581650004,24.916370552243478,3.427895660445308,25.316370552243477,3.5672740868812594,25.716370552243475,3.7063022978165505,26.116370552243474,3.8443087724034566,26.516370552243473,3.98163335435495,26.91637055224347,4.1212510104103135,27.31637055224347,4.268167649616497,27.71637055224347,4.41508428882268,28.116370552243467,4.562262070582233,27.71637055224347,4.41508428882268,28.116370552243467,4.562262070582233,28.516370552243465,4.709463068315176,28.916370552243464,4.839563166404975,29.316370552243463,4.957489217948374,29.71637055224346,5.0676069198906415,30.11637055224346,5.1360446297276106,30.51637055224346,5.2044823395645805,0.0,0.0,0.0,0.0,0.0,0.0,0.0,0.0,0.0,0.0,0.0,0.0,0.0,0.0,0.0,0.0,0.0,0.0,0.0,0.0,0.0,0.0,0.0,0.0,0.0,0.0,0.0,0.0,0.0,0.0,0.0,0.0,0.0,0.0,0.0,0.0,0.0,0.0,0.0,0.0,0.0,0.0,0.0,0.0,0.0,0.0,0.0,0.0,0.0,0.0,0.0,0.0,0.0,0.0,0.0,0.0,0.0,0.0,0.0,0.0,0.0,0.0,0.0,0.0,0.0,0.0,0.0,0.0,0.0,0.0,0.0,0.0,0.0,0.0,0.0,0.0,0.0,0.0,0.0,0.0,0.0,0.0,0.0,0.0,0.0,0.0,0.0,0.0,0.0,0.0,0.0,0.0,0.0,0.0,0.0,0.0,0.0,0.0,0.0,0.0,0.0,0.0,0.0,0.0
21,-0.6,-0.5995213654150285,-0.19999999999999996,-0.29597656956578766,0.20000000000000018,0.15119585987059847,0.6000000000000001,0.6712283655497198,0.20000000000000018,0.15119585987059847,0.6000000000000001,0.6712283655497198,1.0,1.1507730484573804,1.4000000000000004,1.593838784680338,1.8000000000000003,2.0023637001372756,2.2,2.353409823713748,2.6,2.68225826931842,3.0,2.963846267575017,3.4000000000000004,3.2229590385667666,3.8000000000000007,3.4509039922298435,4.2,3.665748230962351,4.6000000000000005,3.85928788436512,5.0,4.050146953957177,5.4,4.232413274522459,5.800000000000001,4.414128771899776,6.2,4.589089090526494,6.6000000000000005,4.7640494091532135,7.0,4.934349249640618,7.4,5.1038583901314505,0.0,0.0,0.0,0.0,0.0,0.0,0.0,0.0,0.0,0.0,0.0,0.0,0.0,0.0,0.0,0.0,0.0,0.0,0.0,0.0,0.0,0.0,0.0,0.0,0.0,0.0,0.0,0.0,0.0,0.0,0.0,0.0,0.0,0.0,0.0,0.0,0.0,0.0,0.0,0.0,0.0,0.0,0.0,0.0,0.0,0.0,0.0,0.0,0.0,0.0,0.0,0.0,0.0,0.0,0.0,0.0,0.0,0.0,0.0,0.0,0.0,0.0,0.0,0.0,0.0,0.0,0.0,0.0,0.0,0.0,0.0,0.0,0.0,0.0,0.0,0.0,0.0,0.0,0.0,0.0,0.0,0.0,0.0,0.0,0.0,0.0,0.0,0.0,0.0,0.0,0.0,0.0,0.0,0.0,0.0,0.0,0.0,0.0,0.0,0.0,0.0,0.0,0.0,0.0,0.0,0.0,0.0,0.0,0.0,0.0,0.0,0.0
22,20.237034442437228,20.78154732695397,20.637034442437226,20.5569642558015,21.037034442437225,20.315583575216895,21.437034442437223,20.05983211184172,21.837034442437222,19.76718207257428,22.23703444243722,19.455558871905403,22.63703444243722,19.121883903464745,23.037034442437218,18.764014990918746,23.437034442437216,18.39256064921764,23.837034442437215,17.989423482325524,24.237034442437213,17.5584277248239,24.637034442437212,17.102888206559584,25.03703444243721,16.618179281902478,25.43703444243721,16.102823839210153,25.837034442437208,15.57117510588422,26.237034442437206,15.031213058839597,26.637034442437205,14.510840686647798,27.037034442437204,14.07611062398103,27.437034442437202,13.720230317409422,27.8370344424372,13.4618316247901,28.2370344424372,13.2324493259154,28.637034442437198,13.044702877254823,28.2370344424372,13.2324493259154,28.637034442437198,13.044702877254823,29.037034442437196,12.87342521335649,29.437034442437195,12.755518331099665,29.837034442437194,12.682762191643787,30.237034442437192,12.630360862389978,30.63703444243719,12.610502984491047,0.0,0.0,0.0,0.0,0.0,0.0,0.0,0.0,0.0,0.0,0.0,0.0,0.0,0.0,0.0,0.0,0.0,0.0,0.0,0.0,0.0,0.0,0.0,0.0,0.0,0.0,0.0,0.0,0.0,0.0,0.0,0.0,0.0,0.0,0.0,0.0,0.0,0.0,0.0,0.0,0.0,0.0,0.0,0.0,0.0,0.0,0.0,0.0,0.0,0.0,0.0,0.0,0.0,0.0,0.0,0.0,0.0,0.0,0.0,0.0,0.0,0.0,0.0,0.0,0.0,0.0,0.0,0.0,0.0,0.0,0.0,0.0,0.0,0.0,0.0,0.0,0.0,0.0,0.0,0.0,0.0,0.0,0.0,0.0,0.0,0.0,0.0,0.0,0.0,0.0,0.0,0.0,0.0,0.0,0.0,0.0,0.0,0.0,0.0,0.0
23,-0.6,13.964503867247348,-0.19999999999999996,13.857709170826128,0.20000000000000018,13.760717000366208,0.6000000000000001,13.667383488988623,0.20000000000000018,13.760717000366208,0.6000000000000001,13.667383488988623,1.0,13.579946275418896,1.4000000000000004,13.513642714948057,1.8000000000000003,13.447339154477218,2.2,13.397311418746952,2.6,13.356379158480022,3.0,13.315679788808561,3.4000000000000004,13.292110528736655,3.8000000000000007,13.268541268664748,4.2,13.24812953617884,4.6000000000000005,13.233316117311322,5.0,13.218502698443805,5.4,13.203463315662328,5.800000000000001,13.188326691380448,6.2,13.172932436632946,6.6000000000000005,13.151380688282638,7.0,13.129828939932327,7.4,13.106979175892539,7.800000000000001,13.082079804520122,8.200000000000001,13.057180433147703,8.600000000000001,13.03954730301517,9.0,13.024527647356999,9.4,13.010714582795025,9.8,13.011186008010128,10.200000000000001,13.011657433225231,10.600000000000001,13.009703957746225,11.0,13.004407192698224,11.4,12.999110427650223,11.8,12.969179453609245,12.200000000000001,12.932298169551421,12.600000000000001,12.861464596935756,13.0,12.779765962192503,13.4,12.663211448944809,13.8,12.535859454539256,14.200000000000001,12.374443331259883,14.600000000000001,12.211257471949418,15.0,12.035385257129601,15.400000000000002,11.8590384223261,15.8,11.701054003011528,0.0,0.0,0.0,0.0,0.0,0.0,0.0,0.0,0.0,0.0,0.0,0.0,0.0,0.0,0.0,0.0,0.0,0.0,0.0,0.0,0.0,0.0,0.0,0.0,0.0,0.0,0.0,0.0,0.0,0.0,0.0,0.0,0.0,0.0,0.0,0.0,0.0,0.0,0.0,0.0,0.0,0.0,0.0,0.0,0.0,0.0,0.0,0.0,0.0,0.0,0.0,0.0,0.0,0.0,0.0,0.0,0.0,0.0,0.0,0.0,0.0,0.0,0.0,0.0,0.0,0.0,0.0,0.0,0.0,0.0
24,-0.6,5.506639944216269,-0.19999999999999996,5.673273231977525,0.20000000000000018,5.845756089646651,-0.19999999999999996,5.673273231977525,0.20000000000000018,5.845756089646651,0.6000000000000001,6.021023901607022,1.0,6.178620749968993,1.4000000000000004,6.313456319438572,1.8000000000000003,6.444509547438029,2.2,6.52186931171242,2.6,6.599229075986811,3.0,6.636032458831152,3.4000000000000004,6.667869776474077,3.8000000000000007,6.667204239693211,4.2,6.65855684599749,4.6000000000000005,6.638321133150366,5.0,6.60583133714605,5.4,6.574114991822434,5.800000000000001,6.544839565743284,6.2,6.515564139664133,6.6000000000000005,6.497449241705438,7.0,6.486573107867379,7.4,6.4756969740293195,7.800000000000001,6.498610291685992,8.200000000000001,6.521953197533013,8.600000000000001,6.5575002571208385,9.0,6.610082584296097,0.0,0.0,0.0,0.0,0.0,0.0,0.0,0.0,0.0,0.0,0.0,0.0,0.0,0.0,0.0,0.0,0.0,0.0,0.0,0.0,0.0,0.0,0.0,0.0,0.0,0.0,0.0,0.0,0.0,0.0,0.0,0.0,0.0,0.0,0.0,0.0,0.0,0.0,0.0,0.0,0.0,0.0,0.0,0.0,0.0,0.0,0.0,0.0,0.0,0.0,0.0,0.0,0.0,0.0,0.0,0.0,0.0,0.0,0.0,0.0,0.0,0.0,0.0,0.0,0.0,0.0,0.0,0.0,0.0,0.0,0.0,0.0,0.0,0.0,0.0,0.0,0.0,0.0,0.0,0.0,0.0,0.0,0.0,0.0,0.0,0.0,0.0,0.0,0.0,0.0,0.0,0.0,0.0,0.0,0.0,0.0,0.0,0.0,0.0,0.0,0.0,0.0,0.0,0.0
25,8.259599999582793,-0.7002334980393904,8.659599999582793,-0.3625620930763261,9.059599999582794,0.0018519022033304383,9.459599999582794,0.4308726968419536,9.859599999582795,0.9026925861291577,10.259599999582795,1.3945219158079958,10.659599999582795,1.902829857787274,11.059599999582796,2.42901658314401,10.659599999582795,1.902829857787274,11.059599999582796,2.42901658314401,11.459599999582796,2.971576591210837,11.859599999582796,3.5195051503525625,12.259599999582797,4.065685223197891,12.659599999582797,4.599353999228938,13.059599999582797,5.111934648206169,13.459599999582798,5.594149715182695,13.859599999582798,6.030505015591556,14.259599999582798,6.433325633132826,14.659599999582799,6.79878719644559,15.0595999995828,7.127758684796757,15.4595999995828,7.44441373212497,15.8595999995828,7.723937472178391,16.2595999995828,7.99196903872719,16.659599999582802,8.222316547201846,0.0,0.0,0.0,0.0,0.0,0.0,0.0,0.0,0.0,0.0,0.0,0.0,0.0,0.0,0.0,0.0,0.0,0.0,0.0,0.0,0.0,0.0,0.0,0.0,0.0,0.0,0.0,0.0,0.0,0.0,0.0,0.0,0.0,0.0,0.0,0.0,0.0,0.0,0.0,0.0,0.0,0.0,0.0,0.0,0.0,0.0,0.0,0.0,0.0,0.0,0.0,0.0,0.0,0.0,0.0,0.0,0.0,0.0,0.0,0.0,0.0,0.0,0.0,0.0,0.0,0.0,0.0,0.0,0.0,0.0,0.0,0.0,0.0,0.0,0.0,0.0,0.0,0.0,0.0,0.0,0.0,0.0,0.0,0.0,0.0,0.0,0.0,0.0,0.0,0.0,0.0,0.0,0.0,0.0,0.0,0.0,0.0,0.0,0.0,0.0,0.0,0.0,0.0,0.0,0.0,0.0,0.0,0.0,0.0,0.0
26,-0.6,9.738797728662346,-0.19999999999999996,9.763595990978555,0.20000000000000018,9.787986654051512,-0.19999999999999996,9.763595990978555,0.20000000000000018,9.787986654051512,0.6000000000000001,9.812377317124467,1.0,9.834549626883868,1.4000000000000004,9.854989973468118,1.8000000000000003,9.875430320052368,2.2,9.885973593590387,2.6,9.89545867873329,3.0,9.90148866217878,3.4000000000000004,9.896633521386743,3.8000000000000007,9.891778380594705,4.2,9.878255435693514,4.6000000000000005,9.858373958055703,5.0,9.83849248041789,5.4,9.8023424882188,5.800000000000001,9.764782994658182,6.2,9.721902096392641,6.6000000000000005,9.665448457802063,7.0,9.608994819211482,7.4,9.538067732164432,7.800000000000001,9.460130750608537,8.200000000000001,9.380861046819492,8.600000000000001,9.291132830227305,9.0,9.201404613635116,9.4,9.108784618900327,9.8,9.014057440928132,10.200000000000001,8.919877989148883,10.600000000000001,8.834449765358453,11.0,8.749021541568025,11.4,8.676420772737512,11.8,8.615722356462992,12.200000000000001,8.555023940188471,12.600000000000001,8.528397835495959,13.0,8.51559979262927,13.4,8.537240918709752,13.8,8.57645276822373,14.200000000000001,8.630120273004259,14.600000000000001,8.698481608183865,15.0,8.77398487950374,15.400000000000002,8.852188699358862,0.0,0.0,0.0,0.0,0.0,0.0,0.0,0.0,0.0,0.0,0.0,0.0,0.0,0.0,0.0,0.0,0.0,0.0,0.0,0.0,0.0,0.0,0.0,0.0,0.0,0.0,0.0,0.0,0.0,0.0,0.0,0.0,0.0,0.0,0.0,0.0,0.0,0.0,0.0,0.0,0.0,0.0,0.0,0.0,0.0,0.0,0.0,0.0,0.0,0.0,0.0,0.0,0.0,0.0,0.0,0.0,0.0,0.0,0.0,0.0,0.0,0.0,0.0,0.0,0.0,0.0,0.0,0.0,0.0,0.0,0.0,0.0
27,18.98790165473333,-0.8601100976871513,19.38790165473333,-0.7224992240899407,19.78790165473333,-0.5852578297932671,20.187901654733327,-0.4524339906298429,20.587901654733326,-0.3243364295100795,20.987901654733324,-0.1974431146714186,21.387901654733323,-0.08535582581712456,21.78790165473332,0.026731463037169445,22.18790165473332,0.12532488973659517,22.58790165473332,0.21539476139287891,22.987901654733317,0.30338641808871364,23.387901654733316,0.3688952082573891,23.787901654733314,0.4344039984260645,24.187901654733313,0.48794065857016816,24.58790165473331,0.5293294090020051,24.98790165473331,0.570718159433842,25.38790165473331,0.5942258639147638,25.787901654733307,0.6149533090939227,26.187901654733306,0.6333720846288708,26.587901654733304,0.6430811245484004,26.987901654733303,0.6527901644679298,27.3879016547333,0.6618623557335257,27.7879016547333,0.6704026051512703,28.1879016547333,0.6789428545690148,28.587901654733297,0.6909459178636794,28.987901654733296,0.7034225516970687,28.587901654733297,0.6909459178636794,28.987901654733296,0.7034225516970687,29.387901654733295,0.71630566706689,29.787901654733293,0.7306628391259041,30.18790165473329,0.7450200111849182,0.0,0.0,0.0,0.0,0.0,0.0,0.0,0.0,0.0,0.0,0.0,0.0,0.0,0.0,0.0,0.0,0.0,0.0,0.0,0.0,0.0,0.0,0.0,0.0,0.0,0.0,0.0,0.0,0.0,0.0,0.0,0.0,0.0,0.0,0.0,0.0,0.0,0.0,0.0,0.0,0.0,0.0,0.0,0.0,0.0,0.0,0.0,0.0,0.0,0.0,0.0,0.0,0.0,0.0,0.0,0.0,0.0,0.0,0.0,0.0,0.0,0.0,0.0,0.0,0.0,0.0,0.0,0.0,0.0,0.0,0.0,0.0,0.0,0.0,0.0,0.0,0.0,0.0,0.0,0.0,0.0,0.0,0.0,0.0,0.0,0.0,0.0,0.0,0.0,0.0,0.0,0.0,0.0,0.0,0.0,0.0
28,11.79266889343193,-0.7246726812649625,12.19266889343193,-0.42922891281868514,12.59266889343193,-0.12065698728478313,12.992668893431931,0.2414004239774989,13.392668893431932,0.6197503007382498,13.792668893431932,1.0165093735506603,14.192668893431932,1.418436101116774,14.592668893431933,1.8246084909012041,14.992668893431933,2.238387094730758,15.392668893431933,2.6642381524548444,15.792668893431934,3.1021621309165255,16.192668893431936,3.5569166705044166,16.592668893431934,4.039433078051287,16.992668893431933,4.542758230382286,17.392668893431935,5.066342320464848,16.992668893431933,4.542758230382286,17.392668893431935,5.066342320464848,17.792668893431937,5.601249744281288,18.192668893431936,6.11890857571178,18.592668893431934,6.53983449676001,18.992668893431937,6.854118495465281,19.39266889343194,7.1209687666422745,19.792668893431937,7.348735769839456,20.192668893431936,7.572510746373131,20.592668893431938,7.795603847095245,20.99266889343194,8.054392123160644,21.39266889343194,8.321671145627219,21.792668893431937,8.637311087891536,22.19266889343194,8.948713560297671,22.59266889343194,9.239420838574057,0.0,0.0,0.0,0.0,0.0,0.0,0.0,0.0,0.0,0.0,0.0,0.0,0.0,0.0,0.0,0.0,0.0,0.0,0.0,0.0,0.0,0.0,0.0,0.0,0.0,0.0,0.0,0.0,0.0,0.0,0.0,0.0,0.0,0.0,0.0,0.0,0.0,0.0,0.0,0.0,0.0,0.0,0.0,0.0,0.0,0.0,0.0,0.0,0.0,0.0,0.0,0.0,0.0,0.0,0.0,0.0,0.0,0.0,0.0,0.0,0.0,0.0,0.0,0.0,0.0,0.0,0.0,0.0,0.0,0.0,0.0,0.0,0.0,0.0,0.0,0.0,0.0,0.0,0.0,0.0,0.0,0.0,0.0,0.0,0.0,0.0,0.0,0.0,0.0,0.0,0.0,0.0,0.0,0.0,0.0,0.0,0.0,0.0
29,4.548402981134724,20.64433088138272,4.948402981134724,20.246200860229617,5.348402981134725,19.750825322983392,4.948402981134724,20.246200860229617,5.348402981134725,19.750825322983392,5.748402981134725,19.17516781433018,6.148402981134725,18.613356585771424,6.548402981134726,18.075410826651815,6.948402981134726,17.582808495339016,7.3484029811347265,17.14076154237823,7.748402981134727,16.793132593614615,8.148402981134726,16.470556360844615,8.548402981134728,16.185434527380853,8.948402981134727,15.92478525871282,0.0,0.0,0.0,0.0,0.0,0.0,0.0,0.0,0.0,0.0,0.0,0.0,0.0,0.0,0.0,0.0,0.0,0.0,0.0,0.0,0.0,0.0,0.0,0.0,0.0,0.0,0.0,0.0,0.0,0.0,0.0,0.0,0.0,0.0,0.0,0.0,0.0,0.0,0.0,0.0,0.0,0.0,0.0,0.0,0.0,0.0,0.0,0.0,0.0,0.0,0.0,0.0,0.0,0.0,0.0,0.0,0.0,0.0,0.0,0.0,0.0,0.0,0.0,0.0,0.0,0.0,0.0,0.0,0.0,0.0,0.0,0.0,0.0,0.0,0.0,0.0,0.0,0.0,0.0,0.0,0.0,0.0,0.0,0.0,0.0,0.0,0.0,0.0,0.0,0.0,0.0,0.0,0.0,0.0,0.0,0.0,0.0,0.0,0.0,0.0,0.0,0.0,0.0,0.0,0.0,0.0,0.0,0.0,0.0,0.0,0.0,0.0,0.0,0.0,0.0,0.0,0.0,0.0,0.0,0.0,0.0,0.0,0.0,0.0,0.0,0.0,0.0,0.0,0.0,0.0
30,25.048936271987092,4.006137509512892,25.448936271987094,4.204072437185523,25.848936271987093,4.40323178770336,26.24893627198709,4.617495432395263,26.648936271987093,4.837069533952262,27.048936271987095,5.0776051080406255,27.448936271987094,5.3283007908111415,27.848936271987093,5.601274126786449,28.248936271987095,5.883023961950191,28.648936271987097,6.1621471091424125,29.048936271987095,6.411343369266962,28.648936271987097,6.1621471091424125,29.048936271987095,6.411343369266962,29.448936271987094,6.633169854100238,29.848936271987096,6.780571025326303,30.248936271987098,6.889957933537511,30.648936271987097,6.960171441643577,0.0,0.0,0.0,0.0,0.0,0.0,0.0,0.0,0.0,0.0,0.0,0.0,0.0,0.0,0.0,0.0,0.0,0.0,0.0,0.0,0.0,0.0,0.0,0.0,0.0,0.0,0.0,0.0,0.0,0.0,0.0,0.0,0.0,0.0,0.0,0.0,0.0,0.0,0.0,0.0,0.0,0.0,0.0,0.0,0.0,0.0,0.0,0.0,0.0,0.0,0.0,0.0,0.0,0.0,0.0,0.0,0.0,0.0,0.0,0.0,0.0,0.0,0.0,0.0,0.0,0.0,0.0,0.0,0.0,0.0,0.0,0.0,0.0,0.0,0.0,0.0,0.0,0.0,0.0,0.0,0.0,0.0,0.0,0.0,0.0,0.0,0.0,0.0,0.0,0.0,0.0,0.0,0.0,0.0,0.0,0.0,0.0,0.0,0.0,0.0,0.0,0.0,0.0,0.0,0.0,0.0,0.0,0.0,0.0,0.0,0.0,0.0,0.0,0.0,0.0,0.0,0.0,0.0,0.0,0.0,0.0,0.0,0.0,0.0
31,22.540538049017353,20.778255820859435,22.940538049017352,20.549036543749672,23.34053804901735,20.301698287483294,23.74053804901735,20.03688629781773,24.140538049017348,19.736134461991664,24.540538049017346,19.418983070254047,24.940538049017345,19.08761567964771,25.340538049017344,18.747895802894654,25.740538049017342,18.404904774586893,26.14053804901734,18.05365002151678,26.54053804901734,17.70706408159656,26.940538049017338,17.373981805074173,27.340538049017336,17.082361890637607,27.740538049017335,16.86238320726417,28.140538049017334,16.706237772056035,27.740538049017335,16.86238320726417,28.140538049017334,16.706237772056035,28.540538049017332,16.613390625361212,28.94053804901733,16.571748598648693,29.34053804901733,16.573611186358328,29.740538049017328,16.635164049031417,30.140538049017326,16.707342450558343,0.0,0.0,0.0,0.0,0.0,0.0,0.0,0.0,0.0,0.0,0.0,0.0,0.0,0.0,0.0,0.0,0.0,0.0,0.0,0.0,0.0,0.0,0.0,0.0,0.0,0.0,0.0,0.0,0.0,0.0,0.0,0.0,0.0,0.0,0.0,0.0,0.0,0.0,0.0,0.0,0.0,0.0,0.0,0.0,0.0,0.0,0.0,0.0,0.0,0.0,0.0,0.0,0.0,0.0,0.0,0.0,0.0,0.0,0.0,0.0,0.0,0.0,0.0,0.0,0.0,0.0,0.0,0.0,0.0,0.0,0.0,0.0,0.0,0.0,0.0,0.0,0.0,0.0,0.0,0.0,0.0,0.0,0.0,0.0,0.0,0.0,0.0,0.0,0.0,0.0,0.0,0.0,0.0,0.0,0.0,0.0,0.0,0.0,0.0,0.0,0.0,0.0,0.0,0.0,0.0,0.0,0.0,0.0,0.0,0.0,0.0,0.0,0.0,0.0
32,4.293555131659301,-0.6534427105430681,4.693555131659301,-0.27957395964331166,5.0935551316593015,0.19517557007033814,4.693555131659301,-0.27957395964331166,5.0935551316593015,0.19517557007033814,5.493555131659302,0.7186296311218676,5.893555131659302,1.2656164444501092,6.293555131659303,1.8072800165863139,6.693555131659303,2.3385569069411254,7.093555131659303,2.837301275402416,7.493555131659304,3.307934577033207,7.893555131659304,3.7485980065595323,8.293555131659303,4.149819418782506,8.693555131659306,4.51264631055487,9.093555131659304,4.857256512725153,9.493555131659306,5.159848721678222,9.893555131659305,5.443242129991868,10.293555131659307,5.697589131853421,10.693555131659306,5.937037022865219,11.093555131659308,6.159472196446175,0.0,0.0,0.0,0.0,0.0,0.0,0.0,0.0,0.0,0.0,0.0,0.0,0.0,0.0,0.0,0.0,0.0,0.0,0.0,0.0,0.0,0.0,0.0,0.0,0.0,0.0,0.0,0.0,0.0,0.0,0.0,0.0,0.0,0.0,0.0,0.0,0.0,0.0,0.0,0.0,0.0,0.0,0.0,0.0,0.0,0.0,0.0,0.0,0.0,0.0,0.0,0.0,0.0,0.0,0.0,0.0,0.0,0.0,0.0,0.0,0.0,0.0,0.0,0.0,0.0,0.0,0.0,0.0,0.0,0.0,0.0,0.0,0.0,0.0,0.0,0.0,0.0,0.0,0.0,0.0,0.0,0.0,0.0,0.0,0.0,0.0,0.0,0.0,0.0,0.0,0.0,0.0,0.0,0.0,0.0,0.0,0.0,0.0,0.0,0.0,0.0,0.0,0.0,0.0,0.0,0.0,0.0,0.0,0.0,0.0,0.0,0.0,0.0,0.0,0.0,0.0,0.0,0.0
33,25.75536985211008,20.817497633349387,26.155369852110077,20.635292671162226,26.555369852110076,20.45764399399643,26.955369852110074,20.279995316830636,27.355369852110073,20.119586288873418,27.75536985211007,19.964211447831495,28.15536985211007,19.848143541075157,28.55536985211007,19.73512074250532,28.955369852110067,19.66735089313969,28.55536985211007,19.73512074250532,28.955369852110067,19.66735089313969,29.355369852110066,19.60064502280226,29.755369852110064,19.5732452053811,30.155369852110063,19.545845387959936,0.0,0.0,0.0,0.0,0.0,0.0,0.0,0.0,0.0,0.0,0.0,0.0,0.0,0.0,0.0,0.0,0.0,0.0,0.0,0.0,0.0,0.0,0.0,0.0,0.0,0.0,0.0,0.0,0.0,0.0,0.0,0.0,0.0,0.0,0.0,0.0,0.0,0.0,0.0,0.0,0.0,0.0,0.0,0.0,0.0,0.0,0.0,0.0,0.0,0.0,0.0,0.0,0.0,0.0,0.0,0.0,0.0,0.0,0.0,0.0,0.0,0.0,0.0,0.0,0.0,0.0,0.0,0.0,0.0,0.0,0.0,0.0,0.0,0.0,0.0,0.0,0.0,0.0,0.0,0.0,0.0,0.0,0.0,0.0,0.0,0.0,0.0,0.0,0.0,0.0,0.0,0.0,0.0,0.0,0.0,0.0,0.0,0.0,0.0,0.0,0.0,0.0,0.0,0.0,0.0,0.0,0.0,0.0,0.0,0.0,0.0,0.0,0.0,0.0,0.0,0.0,0.0,0.0,0.0,0.0,0.0,0.0,0.0,0.0,0.0,0.0,0.0,0.0,0.0,0.0
34,14.339569259740411,20.717104813210135,14.739569259740412,20.415725547507332,15.139569259740412,20.047074859754016,15.539569259740412,19.638934137651997,15.939569259740413,19.179889541662998,16.339569259740415,18.708410688523053,16.739569259740414,18.223641534097585,17.139569259740412,17.722246870157363,17.539569259740414,17.198858854381765,17.939569259740416,16.647855815456385,17.539569259740414,17.198858854381765,17.939569259740416,16.647855815456385,18.339569259740415,16.082184493315847,18.739569259740414,15.510957295314547,19.139569259740416,14.988048052410413,19.539569259740418,14.608748335510558,19.939569259740416,14.330582492866135,20.339569259740415,14.115732668419865,20.739569259740417,13.91485163588471,21.13956925974042,13.708232646477164,21.539569259740418,13.489636943391757,21.939569259740416,13.26469436417321,0.0,0.0,0.0,0.0,0.0,0.0,0.0,0.0,0.0,0.0,0.0,0.0,0.0,0.0,0.0,0.0,0.0,0.0,0.0,0.0,0.0,0.0,0.0,0.0,0.0,0.0,0.0,0.0,0.0,0.0,0.0,0.0,0.0,0.0,0.0,0.0,0.0,0.0,0.0,0.0,0.0,0.0,0.0,0.0,0.0,0.0,0.0,0.0,0.0,0.0,0.0,0.0,0.0,0.0,0.0,0.0,0.0,0.0,0.0,0.0,0.0,0.0,0.0,0.0,0.0,0.0,0.0,0.0,0.0,0.0,0.0,0.0,0.0,0.0,0.0,0.0,0.0,0.0,0.0,0.0,0.0,0.0,0.0,0.0,0.0,0.0,0.0,0.0,0.0,0.0,0.0,0.0,0.0,0.0,0.0,0.0,0.0,0.0,0.0,0.0,0.0,0.0,0.0,0.0,0.0,0.0,0.0,0.0,0.0,0.0,0.0,0.0,0.0,0.0
35,11.270519716460958,20.6663750265326,11.670519716460959,20.294405721172634,12.070519716460959,19.888088100153503,12.47051971646096,19.404578359938252,12.87051971646096,18.8765831028247,13.27051971646096,18.326728141276984,12.87051971646096,18.8765831028247,13.27051971646096,18.326728141276984,13.67051971646096,17.760941958102404,14.07051971646096,17.185622153922242,14.470519716460961,16.609725577392627,14.870519716460961,16.045035652371105,15.270519716460962,15.50509321399726,15.670519716460962,15.000948530156137,16.070519716460964,14.529858602762443,16.470519716460963,14.094364464347048,16.87051971646096,13.735586980565081,17.270519716460964,13.437488316673416,17.670519716460966,13.215032396115436,18.070519716460964,13.05322395609183,18.470519716460963,12.94235314076764,18.870519716460965,12.853310916447967,19.270519716460967,12.796977443515742,0.0,0.0,0.0,0.0,0.0,0.0,0.0,0.0,0.0,0.0,0.0,0.0,0.0,0.0,0.0,0.0,0.0,0.0,0.0,0.0,0.0,0.0,0.0,0.0,0.0,0.0,0.0,0.0,0.0,0.0,0.0,0.0,0.0,0.0,0.0,0.0,0.0,0.0,0.0,0.0,0.0,0.0,0.0,0.0,0.0,0.0,0.0,0.0,0.0,0.0,0.0,0.0,0.0,0.0,0.0,0.0,0.0,0.0,0.0,0.0,0.0,0.0,0.0,0.0,0.0,0.0,0.0,0.0,0.0,0.0,0.0,0.0,0.0,0.0,0.0,0.0,0.0,0.0,0.0,0.0,0.0,0.0,0.0,0.0,0.0,0.0,0.0,0.0,0.0,0.0,0.0,0.0,0.0,0.0,0.0,0.0,0.0,0.0,0.0,0.0,0.0,0.0,0.0,0.0,0.0,0.0,0.0,0.0,0.0,0.0,0.0,0.0
36,8.135852595561337,20.612202229583886,8.535852595561337,20.179999623363063,8.935852595561338,19.694907875969932,9.335852595561338,19.136383462730358,8.935852595561338,19.694907875969932,9.335852595561338,19.136383462730358,9.735852595561338,18.562324495926468,10.135852595561339,17.984493131007557,10.53585259556134,17.420788312976505,10.93585259556134,16.882631754288298,11.33585259556134,16.385707028227703,11.73585259556134,15.932679676091325,12.13585259556134,15.545517573266926,12.535852595561341,15.180867033251237,12.935852595561341,14.83637897126125,13.335852595561342,14.51643917217153,13.735852595561342,14.202717723543557,14.135852595561342,13.905533942985244,14.535852595561343,13.615389190517762,14.935852595561343,13.338695652817092,15.335852595561343,13.076067426395262,0.0,0.0,0.0,0.0,0.0,0.0,0.0,0.0,0.0,0.0,0.0,0.0,0.0,0.0,0.0,0.0,0.0,0.0,0.0,0.0,0.0,0.0,0.0,0.0,0.0,0.0,0.0,0.0,0.0,0.0,0.0,0.0,0.0,0.0,0.0,0.0,0.0,0.0,0.0,0.0,0.0,0.0,0.0,0.0,0.0,0.0,0.0,0.0,0.0,0.0,0.0,0.0,0.0,0.0,0.0,0.0,0.0,0.0,0.0,0.0,0.0,0.0,0.0,0.0,0.0,0.0,0.0,0.0,0.0,0.0,0.0,0.0,0.0,0.0,0.0,0.0,0.0,0.0,0.0,0.0,0.0,0.0,0.0,0.0,0.0,0.0,0.0,0.0,0.0,0.0,0.0,0.0,0.0,0.0,0.0,0.0,0.0,0.0,0.0,0.0,0.0,0.0,0.0,0.0,0.0,0.0,0.0,0.0,0.0,0.0,0.0,0.0,0.0,0.0,0.0,0.0
37,16.911057061544543,20.739554807686485,17.311057061544542,20.45932766885769,17.71105706154454,20.173742308315916,18.11105706154454,19.83904904800973,18.511057061544538,19.494370929338462,18.911057061544536,19.12968863536566,19.311057061544535,18.753340049703283,19.711057061544533,18.367480110863884,20.111057061544532,17.952519036861776,20.51105706154453,17.508779488450703,20.91105706154453,17.03558549413092,21.311057061544528,16.526457371132793,20.91105706154453,17.03558549413092,21.311057061544528,16.526457371132793,21.711057061544526,15.977244477995225,22.111057061544525,15.408536324999426,22.511057061544523,14.856133435142786,22.911057061544522,14.326660676951942,23.31105706154452,13.82017095596012,23.71105706154452,13.345609862721089,24.111057061544518,12.912631567515593,0.0,0.0,0.0,0.0,0.0,0.0,0.0,0.0,0.0,0.0,0.0,0.0,0.0,0.0,0.0,0.0,0.0,0.0,0.0,0.0,0.0,0.0,0.0,0.0,0.0,0.0,0.0,0.0,0.0,0.0,0.0,0.0,0.0,0.0,0.0,0.0,0.0,0.0,0.0,0.0,0.0,0.0,0.0,0.0,0.0,0.0,0.0,0.0,0.0,0.0,0.0,0.0,0.0,0.0,0.0,0.0,0.0,0.0,0.0,0.0,0.0,0.0,0.0,0.0,0.0,0.0,0.0,0.0,0.0,0.0,0.0,0.0,0.0,0.0,0.0,0.0,0.0,0.0,0.0,0.0,0.0,0.0,0.0,0.0,0.0,0.0,0.0,0.0,0.0,0.0,0.0,0.0,0.0,0.0,0.0,0.0,0.0,0.0,0.0,0.0,0.0,0.0,0.0,0.0,0.0,0.0,0.0,0.0,0.0,0.0,0.0,0.0,0.0,0.0,0.0,0.0
38,-0.6,18.3293859100372,-0.19999999999999996,17.986122245936052,-0.6,18.3293859100372,-0.19999999999999996,17.986122245936052,0.20000000000000018,17.633974296974174,0.6000000000000001,17.303877793642148,1.0,16.985696967685207,1.4000000000000004,16.73515126044932,1.8000000000000003,16.492542267800726,2.2,16.303580861619896,2.6,16.11567291774992,3.0,15.96906231154613,3.4000000000000004,15.822451705342344,3.8000000000000007,15.701339308739477,4.2,15.586990819000068,4.6000000000000005,15.481604749962905,5.0,15.39233343089436,5.4,15.303062111825815,5.800000000000001,15.231458761510693,0.0,0.0,0.0,0.0,0.0,0.0,0.0,0.0,0.0,0.0,0.0,0.0,0.0,0.0,0.0,0.0,0.0,0.0,0.0,0.0,0.0,0.0,0.0,0.0,0.0,0.0,0.0,0.0,0.0,0.0,0.0,0.0,0.0,0.0,0.0,0.0,0.0,0.0,0.0,0.0,0.0,0.0,0.0,0.0,0.0,0.0,0.0,0.0,0.0,0.0,0.0,0.0,0.0,0.0,0.0,0.0,0.0,0.0,0.0,0.0,0.0,0.0,0.0,0.0,0.0,0.0,0.0,0.0,0.0,0.0,0.0,0.0,0.0,0.0,0.0,0.0,0.0,0.0,0.0,0.0,0.0,0.0,0.0,0.0,0.0,0.0,0.0,0.0,0.0,0.0,0.0,0.0,0.0,0.0,0.0,0.0,0.0,0.0,0.0,0.0,0.0,0.0,0.0,0.0,0.0,0.0,0.0,0.0,0.0,0.0,0.0,0.0,0.0,0.0,0.0,0.0,0.0,0.0,0.0,0.0
39,22.371624447697293,3.727427984117407,22.77162444769729,3.98533099124906,23.17162444769729,4.2712969239416,23.571624447697292,4.564059729498686,23.971624447697295,4.88902399835346,24.371624447697293,5.235873453781567,24.77162444769729,5.608413483258735,25.171624447697294,6.0283729771355485,25.571624447697296,6.478458957201307,25.971624447697295,6.963551961204902,25.571624447697296,6.478458957201307,25.971624447697295,6.963551961204902,26.371624447697293,7.484953126674286,26.771624447697295,8.027126575325083,27.171624447697297,8.510838963511807,27.571624447697296,8.85989330192935,27.971624447697295,9.111946657042212,28.371624447697297,9.268150194230941,28.7716244476973,9.3640711428259,29.171624447697297,9.41228258507624,29.571624447697296,9.434412361260657,29.971624447697298,9.44691964964801,30.3716244476973,9.42620014092485,30.7716244476973,9.398923096034984,0.0,0.0,0.0,0.0,0.0,0.0,0.0,0.0,0.0,0.0,0.0,0.0,0.0,0.0,0.0,0.0,0.0,0.0,0.0,0.0,0.0,0.0,0.0,0.0,0.0,0.0,0.0,0.0,0.0,0.0,0.0,0.0,0.0,0.0,0.0,0.0,0.0,0.0,0.0,0.0,0.0,0.0,0.0,0.0,0.0,0.0,0.0,0.0,0.0,0.0,0.0,0.0,0.0,0.0,0.0,0.0,0.0,0.0,0.0,0.0,0.0,0.0,0.0,0.0,0.0,0.0,0.0,0.0,0.0,0.0,0.0,0.0,0.0,0.0,0.0,0.0,0.0,0.0,0.0,0.0,0.0,0.0,0.0,0.0,0.0,0.0,0.0,0.0,0.0,0.0,0.0,0.0,0.0,0.0,0.0,0.0,0.0,0.0,0.0,0.0,0.0,0.0,0.0,0.0,0.0,0.0,0.0,0.0,0.0,0.0
40,16.024730127597238,0.7798306030767728,16.424730127597236,1.1026686535337922,16.82473012759724,1.413657126989884,17.22473012759724,1.7229397904413868,17.62473012759724,2.0286054937925293,18.024730127597238,2.3354115525919483,18.42473012759724,2.6431930500241823,18.824730127597242,2.9594489535858495,19.22473012759724,3.2788744005443555,19.62473012759724,3.6181632124835676,20.02473012759724,3.9676898474904467,20.424730127597243,4.3360155048816695,20.824730127597242,4.7336294977930296,21.22473012759724,5.152669678721936,21.624730127597243,5.604611117788669,21.22473012759724,5.152669678721936,21.624730127597243,5.604611117788669,22.024730127597245,6.0965398296435955,22.424730127597243,6.616258217395811,22.824730127597242,7.15858072208069,23.224730127597244,7.713208247709479,23.624730127597246,8.268116030820936,24.024730127597245,8.728461604022932,24.424730127597243,9.062746599862871,24.824730127597245,9.32946049763226,0.0,0.0,0.0,0.0,0.0,0.0,0.0,0.0,0.0,0.0,0.0,0.0,0.0,0.0,0.0,0.0,0.0,0.0,0.0,0.0,0.0,0.0,0.0,0.0,0.0,0.0,0.0,0.0,0.0,0.0,0.0,0.0,0.0,0.0,0.0,0.0,0.0,0.0,0.0,0.0,0.0,0.0,0.0,0.0,0.0,0.0,0.0,0.0,0.0,0.0,0.0,0.0,0.0,0.0,0.0,0.0,0.0,0.0,0.0,0.0,0.0,0.0,0.0,0.0,0.0,0.0,0.0,0.0,0.0,0.0,0.0,0.0,0.0,0.0,0.0,0.0,0.0,0.0,0.0,0.0,0.0,0.0,0.0,0.0,0.0,0.0,0.0,0.0,0.0,0.0,0.0,0.0,0.0,0.0,0.0,0.0,0.0,0.0,0.0,0.0,0.0,0.0,0.0,0.0,0.0,0.0,0.0,0.0
41,24.839046835575566,2.8873142669303076,25.239046835575564,2.989056719687909,25.639046835575563,3.0907991724455104,26.03904683557556,3.17576752239782,26.43904683557556,3.2606817301028226,26.83904683557556,3.3415200955795026,27.239046835575557,3.41773107241364,27.639046835575556,3.4939420492477766,28.039046835575554,3.5594098738553566,28.439046835575553,3.623800220457939,28.83904683557555,3.682509746288263,29.23904683557555,3.729060843073337,28.83904683557555,3.682509746288263,29.23904683557555,3.729060843073337,29.63904683557555,3.775611939858411,30.039046835575547,3.8053549678352696,30.439046835575546,3.8277550151677944,0.0,0.0,0.0,0.0,0.0,0.0,0.0,0.0,0.0,0.0,0.0,0.0,0.0,0.0,0.0,0.0,0.0,0.0,0.0,0.0,0.0,0.0,0.0,0.0,0.0,0.0,0.0,0.0,0.0,0.0,0.0,0.0,0.0,0.0,0.0,0.0,0.0,0.0,0.0,0.0,0.0,0.0,0.0,0.0,0.0,0.0,0.0,0.0,0.0,0.0,0.0,0.0,0.0,0.0,0.0,0.0,0.0,0.0,0.0,0.0,0.0,0.0,0.0,0.0,0.0,0.0,0.0,0.0,0.0,0.0,0.0,0.0,0.0,0.0,0.0,0.0,0.0,0.0,0.0,0.0,0.0,0.0,0.0,0.0,0.0,0.0,0.0,0.0,0.0,0.0,0.0,0.0,0.0,0.0,0.0,0.0,0.0,0.0,0.0,0.0,0.0,0.0,0.0,0.0,0.0,0.0,0.0,0.0,0.0,0.0,0.0,0.0,0.0,0.0,0.0,0.0,0.0,0.0,0.0,0.0,0.0,0.0,0.0,0.0
42,0.9168577475067855,20.61353325264138,1.3168577475067855,20.181215956232574,1.7168577475067857,19.7122729988717,1.3168577475067855,20.181215956232574,1.7168577475067857,19.7122729988717,2.116857747506786,19.211682937947604,2.5168577475067853,18.75055720109428,2.9168577475067856,18.332282897917324,3.316857747506786,17.94166665291436,3.7168577475067854,17.59000065908046,4.116857747506786,17.27193797558665,4.516857747506785,16.973684786659675,4.916857747506786,16.723451855082573,5.316857747506786,16.482406629625707,5.716857747506785,16.287609197665056,0.0,0.0,0.0,0.0,0.0,0.0,0.0,0.0,0.0,0.0,0.0,0.0,0.0,0.0,0.0,0.0,0.0,0.0,0.0,0.0,0.0,0.0,0.0,0.0,0.0,0.0,0.0,0.0,0.0,0.0,0.0,0.0,0.0,0.0,0.0,0.0,0.0,0.0,0.0,0.0,0.0,0.0,0.0,0.0,0.0,0.0,0.0,0.0,0.0,0.0,0.0,0.0,0.0,0.0,0.0,0.0,0.0,0.0,0.0,0.0,0.0,0.0,0.0,0.0,0.0,0.0,0.0,0.0,0.0,0.0,0.0,0.0,0.0,0.0,0.0,0.0,0.0,0.0,0.0,0.0,0.0,0.0,0.0,0.0,0.0,0.0,0.0,0.0,0.0,0.0,0.0,0.0,0.0,0.0,0.0,0.0,0.0,0.0,0.0,0.0,0.0,0.0,0.0,0.0,0.0,0.0,0.0,0.0,0.0,0.0,0.0,0.0,0.0,0.0,0.0,0.0,0.0,0.0,0.0,0.0,0.0,0.0,0.0,0.0,0.0,0.0,0.0,0.0
43,-0.6,12.69971867523538,-0.19999999999999996,12.658585381088042,0.20000000000000018,12.617988221385428,0.6000000000000001,12.577391061682814,1.0,12.542922016390891,1.4000000000000004,12.509463092236953,1.8000000000000003,12.478317027997766,2.2,12.455611860372036,2.6,12.432906692746306,3.0,12.413603494891095,3.4000000000000004,12.396979154240377,3.8000000000000007,12.380354813589657,4.2,12.361484465834154,4.6000000000000005,12.342359719700895,5.0,12.320616865748168,5.4,12.290558725455268,5.800000000000001,12.260500585162369,6.2,12.22195722261717,6.6000000000000005,12.177570530260502,7.0,12.13318383790383,7.4,12.08207852422927,7.800000000000001,12.030718508421621,8.200000000000001,11.982343938443512,8.600000000000001,11.939628505520107,9.0,11.896913072596702,9.4,11.863563724321812,9.8,11.833958890995797,10.200000000000001,11.805386564978036,10.600000000000001,11.791445371403816,11.0,11.777504177829593,11.4,11.757614079158358,11.8,11.734822247241738,11.4,11.757614079158358,11.8,11.734822247241738,12.200000000000001,11.711099649897214,12.600000000000001,11.650004679830866,13.0,11.58890970976452,13.4,11.511630426636343,13.8,11.412604717017148,14.200000000000001,11.313579007397953,14.600000000000001,11.19440767929739,15.0,11.07373064275258,15.400000000000002,10.964612040281846,15.8,10.8622009802806,16.2,10.766102916098355,16.6,10.704786778164552,17.0,10.662211290730859,17.400000000000002,10.65167779549284,17.8,10.663192240407406,18.200000000000003,10.68250045636743,18.6,10.695491688876869,19.0,10.708482921386308,19.400000000000002,10.712935601168684,19.8,10.705581555871628,20.200000000000003,10.698227510574572,20.6,10.687379344093225,21.0,10.675452654995242,21.400000000000002,10.668374659486416,21.8,10.695135994864525,22.200000000000003,10.726504357849604,22.6,10.769837604590842,0.0,0.0,0.0,0.0,0.0,0.0,0.0,0.0,0.0,0.0,0.0,0.0,0.0,0.0,0.0,0.0,0.0,0.0,0.0,0.0,0.0,0.0,0.0,0.0,0.0,0.0,0.0,0.0,0.0,0.0,0.0,0.0,0.0,0.0,0.0,0.0
44,-0.6,1.2036777220131585,-1.0,0.8526776540900765,-0.6,1.2036777220131585,-0.19999999999999996,1.5960684817912925,0.20000000000000018,2.0013459338939823,0.6000000000000001,2.418736683714566,1.0,2.782106500532731,1.4000000000000004,3.1165499682610283,1.8000000000000003,3.3927947644381096,2.2,3.6363657505932996,2.6,3.8345301742408604,3.0,4.005441133535083,3.4000000000000004,4.14937102542168,3.8000000000000007,4.27337860200614,4.2,4.377816395708888,4.6000000000000005,4.4824453069993595,5.0,4.587463620401312,0.0,0.0,0.0,0.0,0.0,0.0,0.0,0.0,0.0,0.0,0.0,0.0,0.0,0.0,0.0,0.0,0.0,0.0,0.0,0.0,0.0,0.0,0.0,0.0,0.0,0.0,0.0,0.0,0.0,0.0,0.0,0.0,0.0,0.0,0.0,0.0,0.0,0.0,0.0,0.0,0.0,0.0,0.0,0.0,0.0,0.0,0.0,0.0,0.0,0.0,0.0,0.0,0.0,0.0,0.0,0.0,0.0,0.0,0.0,0.0,0.0,0.0,0.0,0.0,0.0,0.0,0.0,0.0,0.0,0.0,0.0,0.0,0.0,0.0,0.0,0.0,0.0,0.0,0.0,0.0,0.0,0.0,0.0,0.0,0.0,0.0,0.0,0.0,0.0,0.0,0.0,0.0,0.0,0.0,0.0,0.0,0.0,0.0,0.0,0.0,0.0,0.0,0.0,0.0,0.0,0.0,0.0,0.0,0.0,0.0,0.0,0.0,0.0,0.0,0.0,0.0,0.0,0.0,0.0,0.0,0.0,0.0,0.0,0.0
45,26.344625378979696,15.683437800663988,26.744625378979695,15.200006685898929,27.144625378979693,14.809772072745647,27.544625378979692,14.532965478524417,27.94462537897969,14.32418231501962,28.34462537897969,14.141628104583322,28.744625378979688,14.003747442729575,29.144625378979686,13.909757725447722,29.544625378979685,13.86177040301799,29.144625378979686,13.909757725447722,29.544625378979685,13.86177040301799,29.944625378979683,13.848889778657057,30.344625378979682,13.856895945825682,30.74462537897968,13.864902112994306,0.0,0.0,0.0,0.0,0.0,0.0,0.0,0.0,0.0,0.0,0.0,0.0,0.0,0.0,0.0,0.0,0.0,0.0,0.0,0.0,0.0,0.0,0.0,0.0,0.0,0.0,0.0,0.0,0.0,0.0,0.0,0.0,0.0,0.0,0.0,0.0,0.0,0.0,0.0,0.0,0.0,0.0,0.0,0.0,0.0,0.0,0.0,0.0,0.0,0.0,0.0,0.0,0.0,0.0,0.0,0.0,0.0,0.0,0.0,0.0,0.0,0.0,0.0,0.0,0.0,0.0,0.0,0.0,0.0,0.0,0.0,0.0,0.0,0.0,0.0,0.0,0.0,0.0,0.0,0.0,0.0,0.0,0.0,0.0,0.0,0.0,0.0,0.0,0.0,0.0,0.0,0.0,0.0,0.0,0.0,0.0,0.0,0.0,0.0,0.0,0.0,0.0,0.0,0.0,0.0,0.0,0.0,0.0,0.0,0.0,0.0,0.0,0.0,0.0,0.0,0.0,0.0,0.0,0.0,0.0,0.0,0.0,0.0,0.0,0.0,0.0,0.0,0.0,0.0,0.0
46,21.85303375475313,19.133239492372024,22.25303375475313,18.78224365299428,22.653033754753128,18.408783501708633,23.053033754753127,18.017410320107064,23.453033754753125,17.581772675381796,23.853033754753124,17.11705074978544,24.253033754753123,16.623189755171513,24.65303375475312,16.100067589186747,25.05303375475312,15.550898201459251,25.45303375475312,14.992256175728272,25.853033754753117,14.436812440110625,26.253033754753115,13.9009270640558,26.653033754753114,13.417340364291878,27.053033754753113,13.001001795969263,27.45303375475311,12.662942582389855,27.85303375475311,12.35488996934011,28.25303375475311,12.084785386415218,28.653033754753107,11.873618515060082,29.053033754753105,11.717669264132997,29.453033754753104,11.608419547882828,29.053033754753105,11.717669264132997,29.453033754753104,11.608419547882828,29.853033754753103,11.54081634936258,30.2530337547531,11.52880241510701,0.0,0.0,0.0,0.0,0.0,0.0,0.0,0.0,0.0,0.0,0.0,0.0,0.0,0.0,0.0,0.0,0.0,0.0,0.0,0.0,0.0,0.0,0.0,0.0,0.0,0.0,0.0,0.0,0.0,0.0,0.0,0.0,0.0,0.0,0.0,0.0,0.0,0.0,0.0,0.0,0.0,0.0,0.0,0.0,0.0,0.0,0.0,0.0,0.0,0.0,0.0,0.0,0.0,0.0,0.0,0.0,0.0,0.0,0.0,0.0,0.0,0.0,0.0,0.0,0.0,0.0,0.0,0.0,0.0,0.0,0.0,0.0,0.0,0.0,0.0,0.0,0.0,0.0,0.0,0.0,0.0,0.0,0.0,0.0,0.0,0.0,0.0,0.0,0.0,0.0,0.0,0.0,0.0,0.0,0.0,0.0,0.0,0.0,0.0,0.0,0.0,0.0,0.0,0.0,0.0,0.0,0.0,0.0,0.0,0.0
47,0.8987903661193754,-0.6313972599707188,1.2987903661193754,-0.21184905632528933,1.6987903661193755,0.2484727032010004,1.2987903661193754,-0.21184905632528933,1.6987903661193755,0.2484727032010004,2.0987903661193754,0.7421921638829495,2.4987903661193753,1.2211803322197117,2.8987903661193757,1.65807465256579,3.2987903661193756,2.0680430464956125,3.6987903661193755,2.452458380274811,4.098790366119376,2.78560650236089,4.498790366119375,3.105009905780433,4.898790366119376,3.392056901696341,0.0,0.0,0.0,0.0,0.0,0.0,0.0,0.0,0.0,0.0,0.0,0.0,0.0,0.0,0.0,0.0,0.0,0.0,0.0,0.0,0.0,0.0,0.0,0.0,0.0,0.0,0.0,0.0,0.0,0.0,0.0,0.0,0.0,0.0,0.0,0.0,0.0,0.0,0.0,0.0,0.0,0.0,0.0,0.0,0.0,0.0,0.0,0.0,0.0,0.0,0.0,0.0,0.0,0.0,0.0,0.0,0.0,0.0,0.0,0.0,0.0,0.0,0.0,0.0,0.0,0.0,0.0,0.0,0.0,0.0,0.0,0.0,0.0,0.0,0.0,0.0,0.0,0.0,0.0,0.0,0.0,0.0,0.0,0.0,0.0,0.0,0.0,0.0,0.0,0.0,0.0,0.0,0.0,0.0,0.0,0.0,0.0,0.0,0.0,0.0,0.0,0.0,0.0,0.0,0.0,0.0,0.0,0.0,0.0,0.0,0.0,0.0,0.0,0.0,0.0,0.0,0.0,0.0,0.0,0.0,0.0,0.0,0.0,0.0,0.0,0.0,0.0,0.0,0.0,0.0,0.0,0.0
48,-0.6,15.21088029617618,-1.0,15.37612693582286,-0.6,15.21088029617618,-0.19999999999999996,15.039827816142797,0.20000000000000018,14.87380321465113,0.6000000000000001,14.717554994655421,1.0,14.563111176861776,1.4000000000000004,14.45423891658791,1.8000000000000003,14.345366656314043,2.2,14.262820316491633,2.6,14.191488673837073,3.0,14.12890821349192,3.4000000000000004,14.086967438319396,3.8000000000000007,14.045026663146873,4.2,14.019342157896196,4.6000000000000005,14.001706589991144,5.0,13.984280913666156,5.4,13.984448059670715,5.800000000000001,13.984615205675276,6.2,13.987658855221657,6.6000000000000005,13.996088945938402,7.0,14.004519036655145,7.4,14.004138835145307,0.0,0.0,0.0,0.0,0.0,0.0,0.0,0.0,0.0,0.0,0.0,0.0,0.0,0.0,0.0,0.0,0.0,0.0,0.0,0.0,0.0,0.0,0.0,0.0,0.0,0.0,0.0,0.0,0.0,0.0,0.0,0.0,0.0,0.0,0.0,0.0,0.0,0.0,0.0,0.0,0.0,0.0,0.0,0.0,0.0,0.0,0.0,0.0,0.0,0.0,0.0,0.0,0.0,0.0,0.0,0.0,0.0,0.0,0.0,0.0,0.0,0.0,0.0,0.0,0.0,0.0,0.0,0.0,0.0,0.0,0.0,0.0,0.0,0.0,0.0,0.0,0.0,0.0,0.0,0.0,0.0,0.0,0.0,0.0,0.0,0.0,0.0,0.0,0.0,0.0,0.0,0.0,0.0,0.0,0.0,0.0,0.0,0.0,0.0,0.0,0.0,0.0,0.0,0.0,0.0,0.0,0.0,0.0,0.0,0.0,0.0,0.0
49,-0.6,4.2810208639764165,-1.0,4.052639693118893,-0.6,4.2810208639764165,-0.19999999999999996,4.52486433841273,0.20000000000000018,4.769085589664036,0.6000000000000001,5.013804468771134,1.0,5.235623317911597,1.4000000000000004,5.429117665870658,1.8000000000000003,5.579663252002884,2.2,5.703449183646168,2.6,5.777219023745422,3.0,5.83411147516769,3.4000000000000004,5.865721672005737,3.8000000000000007,5.881309864121721,4.2,5.870824844925164,4.6000000000000005,5.8595793511021155,5.0,5.845841277924963,5.4,5.834826276215133,5.800000000000001,5.846645735736154,0.0,0.0,0.0,0.0,0.0,0.0,0.0,0.0,0.0,0.0,0.0,0.0,0.0,0.0,0.0,0.0,0.0,0.0,0.0,0.0,0.0,0.0,0.0,0.0,0.0,0.0,0.0,0.0,0.0,0.0,0.0,0.0,0.0,0.0,0.0,0.0,0.0,0.0,0.0,0.0,0.0,0.0,0.0,0.0,0.0,0.0,0.0,0.0,0.0,0.0,0.0,0.0,0.0,0.0,0.0,0.0,0.0,0.0,0.0,0.0,0.0,0.0,0.0,0.0,0.0,0.0,0.0,0.0,0.0,0.0,0.0,0.0,0.0,0.0,0.0,0.0,0.0,0.0,0.0,0.0,0.0,0.0,0.0,0.0,0.0,0.0,0.0,0.0,0.0,0.0,0.0,0.0,0.0,0.0,0.0,0.0,0.0,0.0,0.0,0.0,0.0,0.0,0.0,0.0,0.0,0.0,0.0,0.0,0.0,0.0,0.0,0.0,0.0,0.0,0.0,0.0,0.0,0.0,0.0,0.0
